30 40
0.391 -1.917 -1.574 -1.539 1.329 0.481 -1.277 2.110 0.762 -2.584 -3.472 -1.973 2.467 2.704 0.276 -1.273 -1.392 2.866 2.460 -2.468 -1.654 -2.228 -2.230 2.633 2.517 -1.448 -1.360 -1.464 -1.698 -1.116 2.729 2.21 1.820 2.641 2.39 0.426 -2.487 2.561 -1.236 -3.121 
-2.425 2.147 0.73 1.338 1.983 -3.178 2.504 -1.383 -3.649 -2.604 0.571 0.422 1.35 -3.642 2.668 -3.522 0.196 0.97 -2.43 -1.762 1.634 0.587 1.372 2.307 -2.15 -2.231 -1.879 0.414 2.580 2.819 -3.226 -3.172 -2.588 0.171 1.490 -2.311 -2.166 -2.422 0.670 0.127 
2.711 0.304 1.268 2.884 -1.781 -3.637 -1.643 0.758 -1.244 0.768 -3.146 -1.347 2.263 -2.474 2.395 -2.98 -1.967 2.398 1.144 -2.626 -3.360 -3.326 -2.500 1.188 -2.929 -1.154 -3.8 -2.336 0.655 1.386 0.609 -3.762 -2.441 -1.135 2.831 -2.254 2.169 1.535 -2.57 -3.381 
1.116 -3.565 1.34 1.139 -1.355 -1.929 -3.758 1.215 0.410 1.785 0.836 -2.257 -3.214 0.915 2.80 0.151 1.433 0.382 0.981 2.176 0.967 2.295 2.733 0.621 -2.27 -3.105 0.371 1.136 2.296 -2.880 1.489 0.496 -1.874 -3.204 -1.309 1.3 2.209 2.585 0.282 1.217 
-2.804 2.408 -2.462 -1.293 -3.449 0.450 1.886 2.520 -2.82 -3.843 2.175 2.667 1.841 -2.362 -3.81 -1.592 1.405 2.17 2.396 -3.397 -1.815 1.221 1.185 0.516 0.119 -2.517 -1.475 2.260 0.748 0.367 2.29 -3.543 -1.570 0.96 -1.423 -3.752 -2.90 0.64 -2.173 -2.922 
-3.227 -3.945 2.266 0.624 -3.375 -1.728 -1.306 -3.458 0.987 -3.216 1.294 1.289 -1.877 -3.234 0.532 -2.233 0.398 2.135 -3.256 -2.770 2.425 0.966 1.759 -2.447 -2.570 0.632 -3.637 -2.372 -3.100 -2.51 0.410 -2.982 -2.776 0.914 1.763 -2.607 -2.441 -1.593 0.450 -2.205 
2.344 -3.938 1.696 2.582 2.67 2.768 2.580 -2.588 1.79 -2.898 0.483 -1.194 -3.480 1.867 -1.311 2.51 -1.272 0.459 2.302 2.396 2.998 0.925 2.134 -1.430 -1.94 0.199 0.686 -1.905 0.93 -1.252 -2.921 2.193 2.126 1.12 2.324 0.272 -3.731 0.898 -1.997 -3.789 
-2.237 -1.332 0.414 2.931 1.694 1.833 -3.412 2.753 -1.43 -2.787 0.345 2.9 -1.196 -1.580 -1.526 1.169 -2.371 0.605 -1.774 1.663 -2.731 -2.43 -2.497 -3.332 -1.444 -3.906 1.36 1.852 0.877 2.242 2.998 -3.700 0.919 0.700 2.306 -2.23 -2.4 0.918 -3.401 1.434 
0.692 -3.750 0.930 -1.892 2.489 2.815 2.661 -1.213 -3.321 2.552 1.38 -2.721 0.540 -3.629 0.844 0.172 0.707 -2.699 -1.813 -1.990 2.342 1.362 1.941 1.228 -1.564 -1.81 1.909 -1.110 -1.711 0.778 1.23 2.585 -2.66 -1.877 1.564 -1.394 0.407 -3.742 1.668 -1.565 
-3.984 1.942 -1.689 2.456 1.521 2.50 -2.362 1.257 -3.544 -3.994 0.656 -2.70 -2.806 -1.931 -1.198 -1.166 -1.721 2.348 0.686 -2.406 1.212 -1.828 -3.13 -3.469 -3.623 2.883 -2.347 -1.717 1.756 -3.554 -3.805 0.311 -3.926 1.394 0.948 0.861 0.592 -1.544 -3.41 1.848 
-3.316 1.551 0.267 0.959 1.113 2.799 -1.617 -3.405 1.183 -2.833 -1.31 0.456 -2.775 2.707 1.330 -3.559 -2.890 -2.139 -3.835 -1.73 -2.74 -1.846 -1.760 1.883 -2.928 -1.736 1.104 -3.96 -2.486 0.23 -3.735 0.834 1.546 -2.889 -3.153 -3.628 1.654 0.482 -3.253 -2.967 
-3.528 -1.159 -2.349 -3.312 2.9 2.853 -1.957 -1.12 -3.660 -2.983 0.664 -2.927 1.43 0.479 -1.375 0.932 1.882 -2.631 0.99 1.973 -3.868 -2.984 -3.619 -1.844 1.85 -1.840 -3.953 -3.8 2.533 -1.751 -3.794 -3.416 -1.640 1.681 -1.738 -2.632 -2.60 1.187 2.166 2.353 
-3.940 2.275 -3.318 1.705 0.322 0.50 -2.150 1.744 1.360 1.320 0.157 1.780 -3.920 -2.988 -3.618 -2.328 1.57 0.483 -3.346 -3.639 -3.83 -1.866 0.434 -1.361 1.328 -2.756 1.413 0.334 -3.451 -3.838 -1.497 1.524 1.543 0.638 -2.222 -1.715 -2.773 0.289 0.139 -1.694 
-3.55 1.0 0.421 -3.543 2.269 -1.487 -2.880 -3.158 1.49 1.263 2.63 -1.262 -1.746 -1.257 -3.763 -2.483 -2.615 1.123 1.602 1.59 -1.447 2.147 0.944 -1.576 -2.490 0.383 -3.471 -1.142 -3.872 0.861 -1.449 0.16 2.790 -1.712 2.128 -2.315 -1.300 -3.399 -1.888 -2.499 
-2.421 0.799 2.447 -1.148 -2.248 2.439 2.692 2.884 -1.269 -3.335 -2.674 1.487 0.30 -1.710 1.107 2.482 2.791 -3.453 -2.881 0.325 2.849 1.311 -1.675 -1.755 2.658 -2.830 0.105 0.192 1.184 -1.397 -3.961 2.60 -2.70 -3.955 -2.212 2.339 2.121 -2.146 1.690 0.105 
-3.619 2.539 2.590 1.402 0.663 -1.826 2.961 -1.63 2.332 -1.400 -3.202 -2.639 0.968 -1.188 -2.609 -3.945 -3.579 0.502 0.114 -2.238 0.264 2.329 -3.36 2.341 2.826 0.764 0.210 -1.668 1.920 2.40 1.864 2.474 1.680 0.587 -1.308 -1.540 1.399 2.835 2.121 -3.989 
-1.804 1.353 -3.81 2.710 -3.123 -3.977 -1.142 -3.141 -1.95 0.476 -1.753 -2.648 -2.715 -1.830 -1.689 -3.755 1.116 -2.322 0.85 -3.875 -1.387 -2.736 2.895 0.956 -1.697 -3.904 2.459 -1.361 -3.617 -2.626 0.954 -3.496 0.101 -2.42 -1.42 1.851 1.666 -3.240 0.406 -2.235 
0.949 -3.483 -1.697 -2.428 1.993 2.577 -2.843 2.341 1.631 -3.370 0.470 -2.5 0.977 -2.709 1.525 2.226 0.600 0.710 -3.839 -3.203 -1.949 -1.541 0.299 -1.292 0.372 1.363 1.711 2.105 0.116 2.302 -1.837 0.25 -2.647 2.664 1.238 -3.900 -1.350 1.462 -2.806 -1.356 
-2.474 1.252 -2.771 0.919 -1.270 0.371 -2.513 -1.288 -2.382 -1.429 0.600 1.711 -2.655 -3.15 2.86 0.768 -2.225 0.597 0.408 2.15 -2.34 1.491 0.969 0.304 0.871 -3.432 2.108 -1.261 -2.254 0.184 0.966 -2.254 -2.618 -1.601 -1.291 -1.51 -1.205 -1.28 -1.373 -1.414 
-1.880 2.883 1.954 -3.686 0.276 -2.354 -3.312 2.428 -1.918 -2.972 -2.925 -3.655 -3.111 -3.288 0.906 -1.588 -2.699 -1.350 1.785 1.973 -2.49 0.837 -3.760 -3.44 -2.757 2.887 -3.206 -3.202 -2.186 0.602 1.761 -1.91 -2.524 -1.838 -2.242 2.927 -2.757 1.824 -2.842 2.48 
-3.8 -3.218 1.309 0.207 1.124 1.60 1.765 0.297 1.927 -3.391 -2.626 -1.450 -2.88 -3.855 -2.156 0.704 0.683 -3.555 2.981 1.654 -2.393 0.238 2.523 0.108 1.984 -3.748 -2.639 0.121 1.348 -2.115 2.906 0.119 -2.310 1.641 2.939 2.675 -2.601 1.972 2.114 -1.627 
-1.390 -1.786 0.997 -3.878 1.885 -1.468 -2.33 0.436 -2.9 -1.200 -1.731 2.960 -1.137 2.542 0.972 2.877 -3.586 2.872 -2.765 -3.583 0.640 -3.882 2.919 2.611 0.231 0.778 1.681 -3.287 2.459 1.81 1.757 2.483 0.348 2.187 -1.972 -3.513 0.144 1.691 2.446 2.525 
-3.570 1.808 0.872 -3.421 -1.59 -1.610 2.682 -2.47 -1.800 -3.587 0.92 -2.510 -3.140 2.19 -2.838 0.270 -1.43 0.593 0.255 1.711 2.569 2.132 1.169 -3.276 -1.487 -3.816 1.869 1.290 0.647 -2.504 -3.204 2.188 -1.645 -3.681 2.982 1.699 2.373 2.770 2.796 0.820 
1.439 1.643 2.883 1.946 -1.275 2.592 -2.149 2.939 1.487 0.163 -2.651 0.236 -3.496 0.358 -3.448 -1.266 -1.201 0.737 2.286 1.77 -3.291 0.489 0.935 0.318 1.584 -1.377 1.691 1.192 0.443 2.53 2.691 -2.902 2.232 -3.274 -2.56 -1.0 -3.413 -3.120 -3.137 -2.767 
2.906 0.391 -1.461 -2.526 1.831 1.949 -1.46 -1.956 2.468 1.143 -3.133 -2.454 1.121 -1.551 -3.216 1.615 1.772 -1.438 2.180 -2.207 -3.599 1.353 0.919 1.371 -1.229 -3.690 1.995 -2.496 1.545 0.307 1.281 -3.302 0.194 1.701 2.734 -1.255 -1.849 -2.671 1.317 -1.879 
-2.461 0.870 -2.709 2.804 -2.109 1.689 1.111 0.818 0.158 1.794 2.840 -1.216 0.508 -1.196 2.781 -1.200 -3.954 1.767 -2.230 -2.567 -1.348 1.862 0.411 0.810 -1.150 -2.182 -2.753 0.939 2.849 2.145 2.366 -3.340 2.459 1.872 1.102 -1.546 0.892 0.233 0.270 2.91 
2.809 2.828 1.55 0.227 -1.44 0.705 -1.859 0.682 1.789 -2.658 0.202 -1.635 0.519 1.422 0.825 -1.305 2.960 2.28 -1.613 2.314 2.310 0.7 -2.629 -2.699 -2.556 0.735 -3.964 -3.775 -3.176 1.287 2.151 -2.130 1.396 0.249 -1.382 1.805 -3.394 -3.103 -3.484 0.888 
0.600 -3.403 1.461 -2.437 2.802 -2.932 0.694 -1.488 2.543 0.625 -3.890 2.481 0.919 -2.881 2.594 1.744 -1.867 2.412 -2.848 0.390 -3.730 -2.362 1.474 -1.804 1.895 2.207 -3.81 1.495 1.282 -3.685 -3.612 -3.529 -1.367 -2.83 -2.557 -3.737 2.553 0.232 -1.411 2.346 
-3.722 -1.430 0.4 0.100 -1.136 1.385 -2.388 0.292 -3.159 -2.71 0.326 -1.718 2.373 -1.802 2.403 -3.988 -1.274 -2.184 1.895 2.37 2.358 1.339 0.443 -1.64 0.478 -1.955 0.132 2.84 1.829 -1.954 0.601 0.724 -2.182 -3.996 -2.429 2.118 -1.166 1.847 -3.441 -3.135 
-1.323 1.271 -2.175 -2.600 0.408 -1.420 -2.895 2.123 1.506 -2.564 -3.288 1.232 -3.598 2.670 1.566 -1.649 -1.292 0.739 -2.712 1.527 -2.95 -2.538 -2.636 -3.909 -2.317 2.137 -3.484 2.422 -1.988 -2.704 2.7 -3.633 -3.468 -2.960 2.138 -3.416 1.192 0.84 1.487 -2.668 
40 50
-2.148 -1.870 0.248 1.811 -2.943 -1.774 2.941 -3.480 -2.939 2.575 2.572 -2.261 -1.851 -3.690 2.991 0.624 2.892 0.975 1.786 -2.811 -3.564 1.900 0.876 -3.486 -1.572 -3.556 -1.75 1.111 0.840 -2.698 1.736 0.319 2.612 1.530 1.710 2.323 2.407 1.78 -2.662 0.543 0.355 -2.73 -1.41 -1.663 -3.307 0.945 -1.745 1.224 -3.721 -1.24 
-3.122 -3.804 1.196 -1.642 -2.275 0.528 -2.611 1.778 -2.825 -3.398 0.27 -3.392 -1.941 -3.146 0.792 2.246 -3.28 1.122 -3.174 -1.310 -1.120 -2.796 -2.439 0.952 2.141 2.61 -3.175 -1.274 1.512 -2.265 -1.228 0.370 -2.202 -1.487 2.278 0.266 -3.563 0.674 -2.473 -1.662 2.590 1.20 1.499 -1.887 -1.52 1.846 -2.658 0.978 0.973 -3.238 
1.869 0.493 -1.631 1.415 1.541 1.828 -1.773 -2.760 2.899 2.368 1.487 -2.89 1.171 1.273 0.919 0.417 -3.229 -3.938 -1.547 2.135 0.517 -2.372 1.318 0.441 1.472 -2.112 2.609 -2.524 -2.623 1.872 -2.72 -2.235 0.762 0.212 -3.234 2.264 1.283 -2.848 0.203 2.558 -1.336 -3.251 0.805 -1.306 -1.595 -3.986 0.367 -3.967 1.488 2.296 
1.758 -1.738 2.220 -1.477 -3.255 2.918 2.725 -1.19 -2.779 1.812 -1.93 2.123 -3.39 -1.619 2.978 -1.140 1.485 0.115 -2.401 1.559 1.228 -1.994 1.215 1.34 1.899 1.739 1.111 1.398 1.605 1.490 0.717 -2.938 -1.466 2.361 0.494 -2.395 -3.941 -1.175 1.467 1.82 2.484 -2.382 -3.885 -2.738 -2.961 -2.959 -2.493 0.994 -3.766 1.747 
-2.145 1.182 1.572 0.425 -2.95 -3.493 -1.452 1.644 -3.381 -1.452 -1.137 1.617 -1.524 0.295 1.463 -3.784 0.44 -1.773 1.165 2.11 1.401 -3.964 1.612 1.114 -3.204 -2.152 1.749 1.545 -2.527 -1.432 1.545 2.5 -1.416 0.323 1.490 -2.573 1.232 0.259 2.423 1.179 -2.531 -1.487 1.218 -2.101 -3.945 2.684 -1.52 1.782 -1.943 -3.232 
2.5 -1.719 -2.703 -3.78 -2.733 1.659 -1.58 0.910 -3.790 -3.116 -2.310 2.15 -3.312 2.544 2.419 1.87 0.178 -3.639 -3.234 -3.3 -3.809 -2.770 2.698 0.292 -1.99 1.607 1.92 -1.106 1.557 -1.681 1.537 -2.266 -1.590 -1.329 2.740 1.357 -1.321 -1.746 2.378 0.349 1.198 2.589 1.759 -1.895 -2.786 -3.259 2.748 -3.507 -1.487 -1.14 
-2.108 -3.955 0.206 -3.147 -1.915 1.624 1.210 -1.371 -2.474 0.31 -2.702 -1.974 0.611 -1.990 -1.743 -1.363 2.247 -2.171 1.709 -1.979 1.102 0.650 1.176 -1.982 -1.608 -3.14 -3.996 -2.557 -1.760 -1.99 -2.795 1.276 0.641 -2.159 -1.330 1.769 -3.701 2.96 2.114 0.318 2.590 -3.240 -3.160 1.778 -3.831 1.225 1.388 -1.84 1.508 -3.508 
2.632 0.76 -3.655 2.724 1.227 -3.667 2.156 -3.898 1.283 1.793 2.410 -1.870 -1.944 0.11 1.623 2.619 -1.348 -3.585 2.172 0.451 1.740 2.536 2.141 -1.931 1.768 0.635 -2.223 2.994 -1.144 0.793 -1.273 -2.328 -2.667 -3.253 0.907 0.671 2.741 -2.842 -2.743 1.520 0.730 -1.803 -2.305 2.503 -3.396 -3.82 -3.971 -3.756 -1.595 2.186 
-3.26 1.369 -3.897 -3.435 1.308 -2.475 1.649 -3.315 -2.542 -2.612 0.169 -2.231 1.452 -3.785 0.908 -3.319 -3.21 2.720 2.644 1.809 -2.216 -2.776 -1.121 2.920 -1.53 2.89 2.821 -3.437 0.769 1.665 -2.701 -3.886 2.592 1.175 -2.401 -3.378 -3.310 0.393 0.16 1.402 2.266 -1.228 2.525 1.79 -3.412 -3.236 -2.322 -3.363 -2.383 -3.732 
-2.665 1.638 0.187 -3.928 -2.952 2.881 -3.54 2.405 1.575 -1.998 0.301 -1.874 -1.943 0.188 -3.636 2.0 -1.433 -2.551 2.259 0.386 0.495 0.170 -1.565 2.951 -1.43 1.827 2.176 -1.793 2.909 -1.515 -3.111 1.298 2.295 -3.387 -1.89 -2.806 -1.134 2.920 -3.119 -2.592 1.143 1.911 2.746 -2.345 0.93 2.974 -2.971 -1.213 -1.353 0.307 
0.755 0.316 2.643 1.223 2.816 -1.918 -3.67 0.790 1.832 1.638 -3.905 1.983 1.55 -1.172 1.613 0.856 -3.573 0.284 1.468 2.812 1.354 -1.408 -1.987 2.206 -3.195 0.735 2.625 0.490 -2.803 -3.936 0.932 1.778 -2.538 2.748 1.613 1.994 0.21 -2.306 -1.674 -1.318 0.648 2.935 1.790 -1.364 0.87 2.264 2.829 1.981 0.374 2.522 
-2.693 -3.966 2.329 -2.312 2.240 2.641 1.861 -3.933 2.965 1.365 2.794 -2.494 0.377 -2.27 0.71 1.283 0.186 -2.346 2.605 0.274 -2.752 -2.895 -1.696 1.489 -2.345 0.77 -1.834 1.411 -3.529 -3.489 1.482 0.471 2.284 0.518 -3.566 -3.60 1.845 2.802 -3.521 -3.484 1.757 -2.213 -2.62 -1.652 -3.393 -1.616 0.398 1.715 -1.855 2.690 
2.72 1.400 2.520 1.842 -2.180 -1.442 -1.833 0.958 2.489 -2.321 -2.466 2.367 -2.696 2.561 -2.673 -3.626 2.169 -3.348 -2.800 -3.777 0.181 0.229 0.124 1.707 1.148 -2.5 -1.560 1.88 2.10 -3.38 0.824 0.627 2.931 1.435 -3.32 0.396 2.72 -3.481 -1.79 -3.228 2.216 -3.375 1.319 0.129 -2.555 1.673 0.21 -2.53 -2.309 2.180 
1.647 2.391 -3.39 1.140 -1.199 2.246 -1.473 -2.681 -3.56 0.17 -3.280 -1.459 0.361 -2.238 1.416 -3.831 0.706 -3.991 1.995 -1.550 -3.277 -1.94 -3.861 0.966 1.391 0.290 -2.1 1.82 2.846 1.863 0.389 -3.741 2.77 -3.503 -1.968 -2.433 -2.707 1.127 1.813 0.876 -1.291 -1.493 -1.882 2.174 1.357 -2.326 -2.595 0.712 -2.935 0.420 
1.343 2.693 -2.623 2.972 0.926 2.945 -1.39 0.173 1.934 0.58 0.601 0.929 -2.20 0.422 2.254 -3.879 -2.931 0.530 -2.907 -2.344 1.460 -3.792 -2.930 -3.99 -2.201 -3.702 0.21 0.180 2.106 -2.808 -3.845 0.737 -1.755 -3.517 1.80 2.372 -2.187 2.710 1.343 2.754 -3.468 -2.755 2.819 -2.739 0.19 2.466 -3.998 1.72 1.428 1.760 
0.360 0.509 -3.122 2.854 2.129 1.278 1.351 -3.778 -2.471 2.781 -2.324 -1.201 -1.151 2.37 1.995 -2.192 -3.934 -3.283 -3.916 2.977 2.642 0.638 0.363 1.321 -1.561 -2.177 1.895 -1.187 -3.668 1.368 -1.409 2.136 -3.137 -3.229 0.546 0.890 -2.99 0.652 -3.810 0.353 -3.861 1.646 1.180 -1.258 -1.576 1.251 1.234 0.896 -2.129 -1.477 
-3.732 2.819 2.688 -2.629 -1.805 1.616 2.595 -2.269 2.489 -3.17 2.317 -2.507 -2.789 0.237 -1.827 -1.874 -2.271 -1.78 0.593 -3.20 1.606 0.265 -1.137 -1.657 -1.171 -3.575 -1.247 0.39 -1.781 -3.727 1.718 -3.148 -3.67 2.70 0.411 -1.281 2.860 2.8 -2.443 -2.844 1.727 -3.795 0.498 -1.680 1.863 -3.5 -3.838 -2.170 -2.420 0.367 
-3.694 1.244 -1.651 1.116 2.946 1.912 0.666 -2.704 -1.368 1.149 -2.415 0.762 -2.922 -3.101 0.575 -3.259 -1.682 -2.449 0.778 -1.754 2.981 0.860 -3.737 1.277 0.185 1.872 -2.665 -3.788 -1.829 2.482 2.483 -3.914 0.626 2.436 -1.344 -1.402 0.968 -2.201 -1.744 -1.744 1.639 -3.150 -1.861 0.927 1.223 2.998 -3.707 -3.861 -1.68 2.780 
1.698 -3.971 -3.438 0.30 -1.686 0.564 -1.358 2.994 -1.566 0.826 -2.913 0.134 2.141 -2.761 -2.268 2.449 1.335 -1.502 1.411 -2.747 -1.256 -1.831 -2.44 2.783 -2.203 -1.546 -2.467 2.282 -3.36 0.448 -3.407 2.522 1.138 0.606 -2.143 2.447 2.133 0.228 -2.115 -2.485 -3.502 -3.656 -1.560 -1.175 -3.444 2.137 -3.568 -1.287 -3.21 2.653 
1.656 0.57 1.697 1.75 -1.506 -2.281 -2.655 -3.663 0.49 -3.304 -3.168 -3.179 1.912 -3.544 -1.356 2.518 2.622 -2.471 2.124 -2.953 -3.360 -1.603 -1.784 1.737 -2.153 -1.518 0.86 -1.756 -3.26 1.858 -3.917 -3.426 -2.473 -1.72 -3.88 -1.862 -1.240 2.190 -2.714 0.120 1.366 0.257 2.547 -1.918 0.897 2.331 -1.421 -2.215 -1.96 0.777 
-1.311 2.847 -3.563 -2.725 -3.774 -1.190 1.96 -1.921 -1.586 -1.761 -2.170 -3.490 1.413 -1.427 -2.766 -3.131 -3.544 -1.362 -3.402 1.171 0.405 0.405 -1.923 0.652 -2.545 -2.699 -2.652 0.725 2.970 -3.650 -1.317 1.88 1.657 0.858 -1.465 2.871 -2.411 -3.687 1.270 1.227 0.569 0.640 -2.345 1.426 -2.69 -2.316 -3.436 0.620 0.87 0.617 
0.218 2.691 0.837 -3.779 -2.39 0.718 0.990 1.623 -3.616 -2.913 -3.296 -1.74 -2.75 0.369 -1.919 2.216 -2.975 -2.846 -3.227 1.446 -2.477 -1.771 -2.375 -3.514 -1.725 2.225 -1.659 -3.848 -2.38 1.122 -1.906 -2.631 1.859 -1.998 2.76 -2.983 -3.286 0.660 -2.947 -2.662 2.660 -2.177 -1.610 2.500 -1.685 2.479 1.382 -3.996 -1.769 -3.726 
-3.701 -2.684 -2.680 0.299 -1.747 -2.709 -2.380 2.511 2.278 -3.429 2.680 -2.473 1.572 -2.237 0.301 2.87 2.610 0.444 -2.827 -2.66 1.799 2.62 0.767 -3.272 -3.867 0.791 -3.384 -2.340 1.123 -3.296 -1.826 -2.661 -3.87 0.727 1.929 -2.433 0.933 -1.912 -3.428 2.727 2.563 2.218 2.95 -3.48 -3.515 1.802 0.745 0.460 -1.699 0.290 
2.49 -3.984 -3.598 -3.679 -2.660 2.899 2.19 1.152 1.741 -1.929 -1.865 -2.466 -3.576 -1.476 -2.795 -3.809 -3.830 -3.849 -2.928 0.566 -1.756 0.437 2.724 -3.66 -2.814 -3.787 1.161 -1.794 2.718 -2.771 0.335 0.914 0.94 2.858 2.415 -1.595 -1.560 -3.464 -3.687 1.342 -1.539 2.35 0.671 1.754 2.429 0.654 2.330 1.247 -3.898 -1.277 
-3.841 -3.80 2.762 0.644 1.435 0.109 0.85 -2.566 -2.85 0.317 -1.317 -1.433 -2.541 -1.157 -1.475 0.119 1.127 -3.969 -2.56 -2.933 -2.178 2.316 1.744 -3.629 2.78 2.230 -2.911 0.618 -1.750 -2.544 -3.452 2.372 -2.891 -1.323 -1.269 0.953 -2.437 -2.35 1.547 -3.354 1.955 0.892 0.316 2.190 -2.298 1.611 -3.326 1.833 0.203 -3.790 
2.114 -1.854 -2.736 0.191 2.965 2.337 -2.668 2.365 -1.10 2.878 -1.331 -1.700 2.233 -2.368 2.247 1.168 2.428 2.239 0.468 1.3 2.299 1.799 -3.128 -2.726 -1.796 -3.353 2.778 -2.304 0.626 2.592 -2.641 -2.425 -2.372 -3.394 2.949 -3.48 -1.379 1.737 -2.345 -1.983 0.815 -2.849 -3.836 2.193 0.647 1.517 -1.118 1.580 -3.348 0.966 
1.98 -3.688 -1.216 0.697 -1.894 0.329 -3.459 -3.438 1.901 1.382 -2.647 0.569 -1.640 0.875 0.703 0.112 -2.92 -3.492 -1.644 0.284 2.124 -2.277 -2.417 -3.524 -3.766 1.48 -3.394 -3.482 -1.319 -2.818 -3.343 1.174 -3.687 -2.62 1.136 -3.784 -3.490 0.338 1.505 -3.685 -2.803 -3.413 1.153 0.700 2.101 -2.973 0.471 2.366 -2.483 1.774 
-3.581 -2.429 2.308 2.589 -3.149 2.265 -2.773 -3.510 2.907 -1.114 -3.694 -3.686 -3.665 -1.188 -3.632 1.319 1.348 -1.221 -2.762 2.770 -2.737 -3.576 -2.773 -1.171 1.155 2.769 -2.417 2.533 2.742 2.308 -1.580 0.881 -2.110 1.331 -3.351 2.165 -1.294 1.70 0.479 -1.226 1.449 -3.213 1.790 0.542 1.557 -2.203 -2.206 -2.962 -1.814 1.444 
1.235 2.90 -1.722 -3.599 -1.382 -2.388 2.385 -3.938 2.304 -2.473 -3.551 -2.845 -1.274 1.966 -2.335 -3.503 -2.105 -2.175 2.909 -2.801 -1.81 -3.941 -1.478 -3.221 -2.956 0.762 -3.415 -3.228 2.910 -2.24 1.435 0.416 2.547 -1.29 0.184 1.927 -3.962 -3.116 -1.736 -1.174 -3.638 0.493 -2.837 -1.787 -1.384 2.708 -1.718 2.265 -1.927 -2.639 
-1.871 -1.507 -2.46 -3.319 0.549 -2.130 2.960 0.823 1.127 -3.189 -1.296 -3.396 -1.21 1.218 2.157 2.207 0.163 1.987 2.363 0.769 -2.363 -1.402 -2.175 -2.505 -3.150 -3.434 1.694 -3.197 -3.874 0.708 2.790 -2.476 -2.232 -1.2 0.939 1.516 -1.9 -2.204 -3.347 0.300 1.873 2.322 -1.382 -2.366 2.425 -1.972 2.606 2.899 0.233 2.73 
1.675 0.64 -1.751 -1.917 -3.976 -2.161 -3.486 -3.246 -1.869 -3.647 -2.119 -1.468 -2.20 -2.376 2.881 2.798 2.240 -2.610 1.526 -3.605 2.627 -1.775 -3.313 1.364 -3.23 -2.738 -2.445 -3.390 -2.668 0.823 -2.231 2.512 2.31 1.98 2.285 -1.527 0.336 1.56 -3.651 0.1 1.378 -1.565 0.123 -1.164 0.865 -1.794 -2.629 2.129 0.449 2.297 
-3.188 -2.311 2.26 -2.778 -2.506 0.284 2.159 -1.94 0.905 2.401 0.106 2.289 1.138 -3.46 2.939 -3.184 0.408 1.870 -3.140 -1.423 -2.89 -1.298 -2.559 -2.221 0.35 -1.645 -1.32 1.450 -2.274 0.134 -2.819 -1.654 -1.869 -2.918 2.840 -3.204 1.548 -2.396 -3.647 -1.205 -2.633 0.702 2.202 -2.219 0.565 0.581 -2.563 1.716 -3.962 -2.867 
2.101 2.984 -2.85 -3.442 2.224 1.883 1.500 2.223 0.287 0.93 0.190 0.719 1.987 -3.747 2.493 -1.262 -1.643 -1.36 -2.364 -1.991 1.14 -1.263 -1.255 -3.141 -2.238 -1.89 2.364 1.130 2.219 -3.92 -1.19 2.517 1.694 1.411 1.967 -2.288 -3.500 0.830 -1.333 -3.56 1.179 -2.304 -1.925 -1.178 0.229 -1.909 0.289 -3.759 1.952 0.321 
-3.570 1.192 -2.846 2.430 -2.404 1.744 -1.262 -3.703 0.561 -1.450 -1.776 -2.643 1.587 -1.298 0.711 -3.871 0.556 2.128 2.554 2.536 -2.352 -3.390 -3.929 -3.48 -2.54 2.897 -3.765 -3.149 0.665 0.796 1.714 0.189 0.812 1.676 2.688 -1.861 1.0 0.486 1.357 -2.995 -3.679 1.596 -1.935 -2.98 1.261 -2.192 -2.311 -1.750 1.990 -1.399 
2.386 -2.221 0.412 0.307 -1.616 2.647 -3.671 2.322 -3.885 -1.686 -1.346 -2.10 -3.414 -3.80 1.180 0.4 -2.177 -3.717 -1.701 0.299 -3.87 1.160 -1.342 -1.551 2.791 0.748 1.251 2.468 2.935 -1.372 -3.562 0.725 1.315 -1.546 1.860 -2.231 -3.868 -1.366 0.208 -2.361 2.838 0.612 1.33 0.868 2.290 -1.258 1.493 1.681 -3.268 -1.757 
-1.466 -3.601 -2.570 1.4 0.802 -1.193 2.858 1.510 2.718 -2.610 2.509 -2.2 -3.370 1.814 1.252 0.170 1.42 -1.499 1.308 0.897 2.541 -3.440 1.705 2.29 -3.674 -2.56 2.769 1.741 2.926 1.615 2.276 0.570 0.286 1.25 -2.931 0.303 -3.402 0.447 -2.817 -3.437 2.548 -1.984 0.772 2.397 2.198 0.789 -3.166 2.222 -3.614 -3.396 
1.182 1.465 1.173 -1.728 -1.681 1.796 2.383 -3.642 0.727 1.123 0.125 -1.449 -3.780 -3.186 0.68 0.821 1.621 -3.971 -2.369 2.94 0.793 0.567 1.17 -2.450 -2.412 -1.808 -3.777 2.742 1.268 -3.36 2.714 -2.957 2.601 2.270 -3.499 1.568 -3.160 -1.721 1.580 1.332 0.941 -1.354 -2.24 -2.567 1.973 2.86 -1.908 -3.707 -1.407 1.753 
1.734 -3.637 1.291 -2.462 2.330 -2.714 -1.698 1.312 0.280 -1.415 0.396 -3.33 1.518 0.887 -2.778 0.304 0.500 -1.619 2.975 2.55 2.436 1.648 -3.181 1.355 -2.782 2.188 -3.141 1.678 2.945 -2.242 2.507 -3.985 0.404 0.772 -1.432 0.343 0.557 -2.188 -3.825 2.370 2.850 -1.376 1.757 -2.197 1.239 -2.757 2.516 -1.330 -2.650 2.54 
-1.72 -1.204 1.119 -2.411 2.774 1.894 -3.485 0.285 -1.659 0.160 -3.137 0.185 -2.208 2.551 0.567 1.947 -2.585 1.370 1.788 -2.513 -1.716 1.11 2.770 0.106 2.478 -2.690 1.944 -2.143 -3.917 -1.526 -3.0 0.918 -3.280 0.71 0.259 -2.266 2.186 0.906 0.773 -2.756 1.155 0.601 -2.817 0.335 -1.336 -2.894 -2.117 -3.416 0.197 -3.369 
0.678 -3.738 -2.991 1.595 -3.375 2.209 0.910 1.224 0.188 -3.608 -2.868 0.9 0.777 -1.782 2.417 -3.364 -3.261 1.248 2.420 -3.907 0.94 2.20 1.511 2.243 -1.836 -2.100 -3.405 -1.124 1.336 -3.728 -1.279 -2.54 1.388 0.260 -1.571 0.887 -1.195 -1.376 -2.773 1.425 -3.792 1.848 0.296 -2.885 1.79 2.899 2.213 -2.720 -1.777 2.499 
