30 50
    27.434    40.008    12.428    15.753    35.861   -37.144    20.351    21.289   -17.433    18.936    45.913    15.953    19.247   -20.670    19.104    30.266    75.503    44.924    58.891    46.981    18.828   -52.994    15.891    30.241   -10.623    47.716    17.382    19.841    27.014    61.718    17.412    17.552    33.217     5.720    23.225    29.645    47.914    67.558    15.403   -49.819    15.771    13.071     1.637   -47.544    39.205     1.291    49.775   -32.444    28.545    53.767
    46.478    39.296   -11.565    16.553   -10.502   -12.997    15.603    51.790   -31.050   -65.119   -15.995     9.487   -24.732    -6.697   -16.812    25.167   -20.554    26.673    -7.022    45.196    16.675     0.157    35.259   -14.958    49.428    13.935    48.519    44.930    30.920    -6.361   -26.027   -28.639    30.392    -7.894    12.495    -0.698   -20.478    68.866    23.405   -11.617   -29.537   -20.717   -15.821    -6.463    47.899     6.107     0.508    17.184     6.461     3.075
   -20.476     4.062     8.654    29.488    27.224   -23.613   -49.192     1.264   -51.433     8.497   -30.094    10.061   -13.600   -20.738    27.028     5.808    51.405    11.891    32.525    32.766   -19.733   -21.986    14.272     9.994   -46.195    -3.029   -22.397    28.788   -22.704    46.872    66.718     7.243    42.587   -11.771   -23.665    52.895    11.707    67.031   -16.074    28.770    77.108     4.747   -30.931   -20.971    -7.958    56.407    25.357    -4.154    -0.465    35.386
    38.281    26.020   -31.385    26.702   -11.998   -12.398    33.050    55.770   -22.350    61.594   -33.296     5.807    37.462   -14.114    12.919    45.664    33.351    78.420    21.600    59.557    31.354    15.718    69.027    48.186    14.559    37.941    24.229    27.912   -22.679    41.372    35.254    22.054     5.432   -12.932    29.441    60.763    15.894    24.636    60.113   -17.689    27.299    -5.774    -2.986   -14.075    10.395    51.614    26.609    27.143    14.357     2.077
     2.524    31.275    43.651     5.167    -3.169    -9.895   -30.505    48.147    -8.130    39.412    15.932     2.556    30.989     6.161    46.198   -12.517    37.551    20.846    79.696    15.069    -8.373    45.784   -35.648     7.163   -47.225    30.810   -59.941    10.264    -9.469    11.740    45.360   -21.359    31.262   -17.299   -46.700    51.840     5.646    -2.348   -38.006    -5.081    41.119     9.548   -15.533   -38.456   -26.497    12.025    36.617    18.014   -28.843    31.094
    -4.630   -42.873    13.291   -11.664   -18.565    12.018    -8.491   -60.362    -2.233    48.992    43.101    -3.333    48.539     2.786   -12.410    13.441   -16.674   -21.245   -31.517    41.515   -69.541   -46.556   -53.194     9.299    -8.015    42.824     6.938   -92.529    15.518   -23.142    -6.069    13.264    -2.264    -4.710    30.978    23.439    65.287    49.143     9.599   -23.615    -3.132   -21.718    22.664     7.687   -22.566   -12.642    14.322   -16.372    15.139    11.611
   -27.616    13.042    20.521    52.334    42.110   -19.682   -36.682   -23.128   -36.503     0.981   -11.611     3.659     3.537   -31.008    10.647   -59.044    68.944    12.604    41.248    31.546   -48.240   -51.552    57.478    42.335   -20.643    33.228     7.532   -29.642     0.704    11.273    11.610    -0.191   -14.349   -40.241    12.881   -27.099    52.580   -41.660   -44.417    28.540   -23.050    10.473    23.214    -3.246   -50.200    14.698   -31.734    20.903     3.919    25.512
    22.076   -33.691    -9.961    12.970    46.176   -17.507    29.306   -11.327    44.278    39.720    18.348    47.025     1.800    62.417    39.759    -1.658    -7.631   -49.582     5.991    29.069    17.257   -57.269   -38.001   -20.668     0.397   -25.043   -48.080    35.077    23.028    44.304    29.851   -32.084     6.925     3.219    31.010   -27.281   -34.020    25.110    -8.329   -20.925    38.234    -9.542    15.608    27.963    44.466    38.155    79.411   -33.221    49.270    -4.059
    26.480     4.798    43.440   -21.721    18.929   -29.698    31.927    -7.299     8.293    30.891    34.352    92.461    44.720     8.361    36.228    17.516    18.436   -16.106    10.620    24.573    38.174    -4.691   -59.518    45.299    55.708    28.801    59.818    17.302    -3.281     4.697    17.813    35.579    55.851    56.430   102.082   -10.022    12.535    -3.741    -6.204     6.672    15.720    31.846    25.542    40.821    51.496    14.433    17.920    57.693    31.767    17.668
     9.341    29.152   -22.303    42.746    33.358   -13.672    27.942    13.059    -3.311   -25.696   -30.472   -33.013    28.231    -2.864   -44.075    12.334    34.873    33.479    11.977    -3.645    -1.978   -27.118    62.222     4.002    10.682    18.064    38.532    33.566   -20.600    29.206    11.671    -0.289   -29.664   -35.916    37.224    -0.221   -24.793    17.687     8.802   -13.643    35.798   -38.702    34.504   -11.011    26.407    24.638     8.099   -14.550   -23.983   -20.761
    18.557   -11.257     1.641   -31.794   -10.554    -1.371    53.010    47.955    16.444    48.544    42.453    65.973    22.082    19.874    10.038   -20.559    38.031    -5.258    19.001    52.638   -37.069    10.942     3.185     9.479     2.958    30.524   -22.184     0.837    11.123    20.898   -44.544    -8.923    -5.611    20.744    64.278    17.780    22.976   -28.514    -6.940    43.183   -31.777    28.031     4.349    47.460   -19.490     8.325    19.319    54.455    28.677    17.112
    38.213    48.989     8.158    38.711    20.254    23.675    69.715    42.056   -20.891   -25.282    17.311    26.749   -15.002   -32.688    40.638   -28.917   -18.179    40.202    19.842   -11.863    50.640   -22.707    46.623   -33.057    49.995     2.124    48.304    71.914    70.248    28.418     5.423   -48.464    31.633    42.295    34.956   -13.849   -38.557   -14.542    11.958   -14.363   -36.976    21.300    18.818     4.215    21.018    -2.092   -15.716    -9.676    -8.783     3.720
   -25.163   -22.372   -36.203   -69.654    55.011   -17.935   -35.364    16.542    -4.976    26.938   -30.246     9.651   -44.131    24.630   -23.584    16.882   -12.799   -36.887     5.073    11.942    20.037    60.223    13.995   -17.887   -38.566   -58.048   -30.346   -25.276   -49.836   -48.929    -9.312    11.117    26.708    -3.446   -31.461   -34.054     6.191   -35.407    -3.278    42.316    24.472   -17.329   -19.211    22.610    -6.309    -8.856    -2.081    72.625    38.295    -7.475
   -18.323   -17.206    14.630    13.382    11.194    12.063    35.393    -3.036   -13.029    26.721     7.850    24.000    17.390    54.507    -6.069   -23.359   -23.975    17.680   -16.461    14.030   -36.289    14.423     5.878   -21.670    -6.420    -9.862    -5.787     1.231   -10.261    23.192   -34.754    40.812   -30.511   -40.848    22.231     2.419    -6.604    23.088   -19.297    83.257    33.958    40.723   -27.741    52.640   -23.832    -4.257    13.593    -1.540    10.090   -34.639
   -19.543     0.996   -45.067     7.835    11.781   -15.697    -9.005    27.068   -81.732    38.638   -25.064    10.844    56.878     0.773     5.243    33.824    47.876    19.925    51.141     7.945    -6.544    25.749     2.652    13.118     7.186   -17.763     5.839     9.231   -34.563    -3.315    -5.662    58.074     1.484   -15.417   -20.602    12.093    -6.074    33.526    -9.701   -65.127    34.608    13.109    -0.045    46.415    32.951     2.441     3.796    -0.477   -19.204    35.970
   -34.218   -53.159   -36.480    -0.866    10.138   -10.753   -51.063   -48.791    32.349    10.536     8.216     0.700    23.916    34.458    -7.451    49.055   -21.973   -33.750   -13.282    14.923   -17.942   -40.747     1.570    10.908    17.939   -14.987   -26.916   -41.304   -27.024     4.302    21.750    -0.651   -10.403   -36.205   -15.676    -7.677    14.065    -2.325     2.883    38.134    16.894   -39.553   -17.914    17.699    44.333     9.099    -3.366    12.637     1.624    25.408
   -28.704    27.138    41.293    12.013   -31.169     2.985    33.532   -18.653    45.641   -23.270     3.364    10.747     5.946    14.795   -25.497     1.953    29.923   -14.872    17.013    11.468   -31.712   -54.394    23.681   -19.477    -0.421    30.831    -8.826    -3.907    42.690    -3.095   -13.393     3.343   -18.791   -19.369    21.014    16.382   -11.979    56.852    38.943    32.572    -4.413    28.011   -11.079    11.778     7.196    63.225    15.767   -33.944   -18.044     7.769
    -4.363    35.733   -42.561   -40.600   -16.448   -14.715    -1.084    20.557    53.912    77.294   -10.109    89.813   -11.459     4.390    40.110    -2.337    45.719   -55.129   -30.478    -1.589    -5.049    10.446   -43.493    -6.258   -11.174    20.625     1.551   -43.837    19.763   -28.477    12.475   -24.736    30.352    -4.142     7.659   -38.538    47.685    67.487   -11.277    20.081    28.173   -30.519   -52.137    -1.954   -25.038     7.310    28.039    41.356    -0.026   -25.121
   -24.251   -12.696    55.600    38.039    35.426   -71.619   -17.282   -51.284    13.286   -20.197    14.979    29.043    12.570    83.837    23.959    22.392    23.843    -9.418    -3.670    33.638    45.099   -35.099    34.444    35.562    10.559    16.924    30.390    47.266   -32.192    13.348    15.516    59.057   -14.096   -28.289     6.790   -56.624    29.675     6.992    44.765    -3.230    69.137   -43.758     7.859    19.357    43.617    -7.204    12.577    46.802    67.808    13.264
    45.194    37.243   -23.519    44.755   -24.458    30.367   -10.346    -0.332    50.885     3.636    -6.913    22.950    -8.628   -43.854   -20.739    22.576    53.945    11.500   -13.373     6.177    25.976   -12.792    -4.658    24.939   -13.330    22.633    14.821    26.569    -1.426    30.982    47.812   -35.450    46.776    47.536    63.191    32.590    -4.102    53.921   -10.708    11.099    25.248   -26.656    -1.785   -36.999    22.862    42.535     9.758   -20.089    -8.664    43.911
    24.556    34.137    17.195    47.624    59.424   -15.488   -19.099   -29.978    -1.459    -5.495    30.869    44.930     8.978    40.774   -42.372     8.667   -15.225    -0.112    25.911    15.800    76.312    38.948    55.579    54.879    14.555     5.566    66.928    81.123   -19.099    10.657     7.191    60.044    29.733    38.485     1.555   -13.238     6.128   -55.509    15.872    28.810    95.166     3.138   -26.606    85.093    -4.057    12.712   -25.259    53.204    31.764    24.202
    13.400   -35.789    20.525    20.634    19.109    26.252    46.214   -56.262    25.063   -20.774    17.683     5.426     5.418     8.015    71.265     4.995    -8.455    24.374   -25.799   -17.489    32.938    -9.893    33.851    -1.420    29.349   -20.236    -3.117    17.139   -17.162    29.107    44.067   -48.594   -48.224    29.600   -45.696   -20.414   -38.460   -17.319    18.936   -20.500    -3.058   -40.187    47.600    25.526   -25.430     8.368    10.338   -23.264    13.391   -35.215
    50.101    87.249    -1.793    47.200   -26.017    55.637    22.271    66.756     4.773     8.989    27.085   -14.543    -3.275    -0.808   -29.115     3.325     4.126    -8.318    30.955    -3.277    29.086    14.294    13.111    19.290    74.264     3.783    44.369    39.273    50.928     3.791   -12.625    25.444   -24.483    10.716     9.469    62.844   -57.106   -15.633    92.707    22.193    20.760    79.297   -39.831     4.059    -2.205    45.093    -7.510     9.230    -8.603    -1.680
    -1.291    22.484    26.261    -1.792    27.098  -104.985    53.147    58.249   -51.570   -15.829    59.824    16.436   -12.164    34.447    14.351   -28.687    45.382    23.076    56.540    10.825    26.733   -25.826    12.624     9.339    34.005    51.302    17.552    16.551    20.003    34.317    54.543    16.788    27.444    -1.888    52.188   -12.178    40.691    35.352    38.666   -30.298    -5.319    33.477    25.712     3.107    21.499    64.103    61.701   -10.464     2.592    39.291
   -24.464     9.244    51.217    47.884    22.908    -9.345    34.342    24.271   -44.310   -29.064   -10.109   -25.769    33.953    37.773    -5.169    17.140     2.356    69.535    14.532    27.346     3.889   -20.465    56.664   -15.646   -58.453    38.357    -7.016    54.381    36.530     6.390    32.517    21.067    -7.106    -1.884    -6.833    30.059    35.087    31.647    38.053   -45.555    28.431   -14.634    42.166   -15.484     1.606    60.792    32.543   -17.772     7.136    31.475
    46.091    55.393    36.712    11.528   -15.067    12.893   -17.551    -2.595    25.514    -5.516    45.572     5.261    48.051   -18.685   -11.655     2.663    12.935     8.733     6.986    63.507    -2.160     7.882   -13.546    50.516     9.683    41.563     1.070    21.164    26.578     5.788   -30.239     9.437    16.922     6.529    51.349    22.049    17.928   -37.586   -46.550    76.681   -25.733    24.230   -13.678   -32.764   -17.339   -12.912    -2.740    46.802    25.260    19.841
    28.872    40.775   -37.907    -0.860   -19.055   -19.755    10.799   103.281   -37.880   -25.833   -26.294    53.072   -23.539   -11.532   -34.356   -43.079   -14.830    42.158    75.168    79.553    15.996    28.633    33.969    14.207   -38.277     6.339   -21.933    66.582    19.819    69.560    -7.996   -27.221    26.143    15.170     1.290    56.899   -22.949    22.760   -27.995    70.948     4.109    92.526   -47.829    45.772    47.301    43.884    20.925    -0.438   -25.359   -45.240
    55.430    -7.122    47.516    51.082    24.031   -63.592    44.284     1.210   -26.619   -41.943    52.689    17.682   -40.627    24.096    32.348    -4.549   -35.874   -10.315    14.059    28.121    30.814   -14.393     2.819   -20.605    18.113    -3.609     1.940    87.261    11.724    16.578    32.431     1.829    22.026    37.404    68.004    20.377    -7.207    22.945    14.332   -16.863    -1.712    22.079    19.325     0.081    36.787    17.904    82.682     4.337    47.776    -2.216
     7.870    -1.529   -74.664     8.170   103.707    42.328    13.613    -7.392   -35.130    25.048     4.073   -26.378    -9.219    55.268   -26.262    50.742   -69.819   -19.946   -32.512    11.865    10.647   -10.254    22.784   -33.522    39.123   -38.086     0.613    22.426    26.502   -11.000    -7.268    32.860    -0.345    14.808   -28.697     0.176    -3.694    11.270    18.834     9.784    70.120   -18.689   -26.933    46.547   -31.139    10.700    -7.663    -8.749    35.353    23.395
    26.890     7.657    40.789    29.177    65.005   -51.582    50.824    36.906   -73.321   -15.349    33.770   -24.343    36.723   -26.982    -3.404    -7.426    39.187    84.625    43.240    55.906   -23.785    -0.727    66.221    21.231   -38.391    30.829    34.405    27.428    14.051    45.836    31.528    22.893    -3.792   -11.879    25.141    70.209    64.124    15.356    -8.847   -26.483    25.775     5.478    50.634   -18.966   -18.844    18.848    44.519   -14.905    18.426    34.516
