60 80
-1.618 0.19 -1.600 -2.450 0.673 0.345 -3.442 -3.767 -1.101 0.542 -1.106 1.854 0.608 -2.538 -2.4 -2.758 0.83 -2.624 -3.215 -1.502 -1.624 -1.990 -3.88 -1.515 1.454 -3.869 2.979 1.491 1.238 2.903 -1.561 2.90 -3.322 0.892 -2.280 1.935 -3.990 -2.624 2.143 -1.833 2.725 -3.983 0.511 2.780 -1.730 0.559 -3.557 1.191 -3.835 -1.464 -1.490 -2.422 -1.866 -1.892 0.257 -3.845 -2.484 -3.430 -2.839 -1.664 0.948 -3.550 0.86 -3.562 -1.125 1.773 2.69 -1.204 -2.417 1.309 1.803 1.300 1.919 1.971 -2.640 0.468 -2.162 2.537 -2.109 -2.448 
-2.780 2.796 -3.469 0.47 1.404 0.681 0.264 -2.185 1.559 -1.873 1.478 -3.215 2.847 1.523 -3.700 1.528 1.709 1.125 1.463 1.890 -2.249 -3.532 -1.623 1.330 -2.930 0.699 1.319 -3.572 -2.74 -2.984 -2.218 -2.970 1.745 0.530 0.242 -3.462 1.631 2.671 2.505 2.578 -3.826 1.528 -2.35 -1.216 -1.969 0.254 2.508 1.579 2.443 2.549 2.286 -3.862 1.899 -3.54 -2.30 0.316 -1.199 -3.67 -3.237 0.594 1.394 -1.206 0.795 -2.509 2.259 2.519 -2.103 2.986 -3.343 1.291 -3.95 2.892 -1.939 1.33 -3.909 -1.845 -2.170 -2.101 0.521 -1.21 
-3.734 -3.391 0.904 1.949 -1.949 -1.563 -2.608 2.392 1.722 1.120 -2.900 0.485 2.662 -2.381 -3.122 0.628 2.663 1.571 0.857 2.132 2.788 -1.738 2.173 0.307 1.337 2.298 0.200 -3.26 1.359 -3.171 -2.931 1.92 2.792 -1.331 1.648 -2.643 1.443 -1.72 -1.76 -2.458 -2.541 1.538 2.440 2.926 2.734 2.584 1.140 2.509 1.341 0.859 1.876 -1.796 0.3 -1.642 0.433 2.6 -1.621 2.38 -1.552 -1.388 -3.584 -2.448 -2.773 -3.310 -3.405 -1.154 0.715 0.817 0.878 2.169 0.295 -3.425 -2.477 -2.149 -1.412 1.31 -3.614 2.762 -1.695 1.661 
0.418 0.753 1.210 2.870 2.38 -1.780 1.550 -2.815 2.115 1.941 1.70 -3.871 0.228 0.125 -2.197 -3.386 -2.717 2.330 1.305 1.660 -1.82 2.608 1.241 2.418 -1.579 -2.143 0.962 -3.852 -2.640 -3.252 2.439 -3.604 -1.753 -3.264 -2.411 -1.619 -1.325 1.868 -2.371 2.706 -3.365 0.681 -2.35 -3.874 2.909 -1.940 1.534 0.504 -2.372 -3.962 2.271 -1.814 -1.345 2.382 -1.42 0.801 1.11 2.813 -1.611 0.982 -2.662 -2.674 -2.56 -1.226 -3.315 -1.268 2.834 -3.383 2.859 -2.857 0.347 1.15 2.283 -2.76 -2.174 -3.379 1.26 -1.204 2.920 -2.389 
1.271 2.674 -3.36 0.581 -2.253 -3.198 0.255 0.533 -3.376 1.598 0.692 -1.566 -3.240 1.909 -2.983 -2.52 2.107 -1.360 1.631 -1.209 0.112 -1.959 0.374 1.941 -1.134 -1.727 0.613 -1.304 -2.452 0.157 -1.195 -3.757 -2.124 -3.36 -3.675 -1.766 -3.186 -1.713 -1.454 0.875 -1.596 0.350 1.973 2.942 1.282 1.832 -1.181 0.744 -1.564 1.242 2.331 2.522 -3.1 1.975 -1.993 -1.662 -3.878 -3.258 -3.234 1.69 0.32 2.82 -2.417 2.175 -2.350 0.854 2.367 2.0 2.24 2.424 -3.59 -2.412 2.641 2.691 -3.289 -1.266 -2.820 -2.396 0.527 -3.523 
0.114 1.108 -3.616 2.63 -3.469 2.14 2.857 1.460 -1.741 1.355 2.112 -1.843 0.510 -2.5 0.487 -1.691 1.287 2.124 0.997 1.11 0.811 0.222 -3.969 -2.34 -1.977 2.316 -2.930 1.155 0.612 -3.940 2.277 -1.137 -1.603 2.67 -1.244 -2.456 -1.429 2.785 1.415 -2.525 -2.584 0.444 -2.229 -1.331 1.84 -3.202 2.745 2.514 2.190 2.323 -1.67 0.918 -1.276 2.942 -1.885 -1.619 1.667 1.339 -3.603 0.700 -3.404 -3.701 2.844 2.255 0.789 2.333 1.380 2.18 1.695 -2.364 -3.775 1.576 -2.247 -1.211 -1.555 -2.787 0.893 -2.676 -3.54 -2.644 
-1.316 0.804 -3.292 -3.62 0.775 2.240 0.530 2.897 1.317 -2.472 -3.958 -1.309 -3.512 2.41 2.395 2.675 2.508 2.7 0.527 -1.200 -1.804 -1.432 2.855 0.111 -3.968 2.430 0.767 1.527 0.235 -2.506 1.7 2.815 -1.528 -3.444 -3.270 -1.842 1.210 1.840 -3.20 2.644 -2.741 2.874 -3.702 0.298 -2.766 0.845 -2.269 1.471 -2.844 -3.879 1.109 -3.755 -1.899 1.250 -2.594 0.214 -3.486 -2.86 0.292 -3.226 1.618 -1.486 -1.879 2.15 2.113 -1.294 -3.624 1.609 -1.807 -3.442 2.696 -1.57 1.279 1.143 0.491 0.171 0.94 -1.879 -3.989 2.227 
1.154 -1.457 1.651 0.114 2.405 1.135 0.255 2.105 -2.138 -2.115 -2.124 -1.657 2.401 -1.820 2.828 2.803 -1.618 -2.619 1.316 2.359 -1.596 2.742 1.693 2.471 -1.602 1.495 -1.622 2.492 0.466 1.510 2.131 2.828 2.607 -3.874 -1.880 -3.97 -3.654 0.783 0.786 -2.158 -3.624 -3.649 2.198 2.749 2.213 2.13 1.480 1.18 -3.987 2.238 -1.112 0.125 1.366 0.427 0.841 1.513 2.306 2.502 1.252 -1.74 -3.765 -3.822 0.271 -3.208 -3.639 0.251 -1.149 0.645 -1.80 0.344 0.995 -1.115 2.808 -2.916 0.86 1.934 0.54 0.409 -2.407 -3.470 
-3.39 -3.484 -1.194 -1.242 2.231 -1.290 2.6 0.409 -1.286 -3.188 0.867 0.19 -2.8 2.905 2.141 1.0 1.465 0.403 2.636 -3.720 2.572 1.922 0.382 0.854 1.445 -1.661 2.850 1.643 -2.472 -1.845 1.438 -3.805 -1.690 -1.90 -2.833 1.64 -2.885 -1.809 1.669 0.896 1.691 -3.613 1.834 -3.924 2.270 0.991 -1.69 1.99 -2.834 1.96 2.403 -2.207 0.48 0.760 -2.860 -3.129 0.450 2.132 0.677 0.716 0.582 2.264 -3.627 -1.179 -1.27 -3.608 0.522 -1.903 1.453 -3.91 -3.578 0.535 1.456 -1.473 0.727 -3.327 2.430 -3.239 -1.896 -1.859 
2.425 -2.746 -1.602 0.620 0.264 -1.935 1.21 -3.275 -1.712 1.158 1.225 0.58 -3.609 -3.196 -2.153 -2.60 -1.283 1.808 1.100 -1.70 1.783 1.676 1.725 -2.275 -1.502 -2.35 -2.414 1.626 1.972 -3.348 0.899 -1.516 -3.466 1.231 -2.199 2.576 -3.320 -1.453 -1.555 -1.980 0.2 -1.84 -2.298 0.258 2.74 -1.577 -3.74 -1.841 2.446 -3.184 1.565 -1.379 1.763 0.946 2.957 -2.852 1.87 0.309 -1.293 -1.863 -3.841 1.30 1.691 -1.585 0.867 2.431 -1.294 0.460 -2.433 0.216 2.637 -2.828 -3.874 -3.587 -1.63 -2.664 -1.737 -1.816 1.705 -1.141 
2.906 2.82 -3.669 -3.787 -2.712 2.136 0.498 -3.629 2.837 -1.107 0.677 -3.979 -3.176 2.608 -1.864 1.927 0.989 0.559 1.104 -2.865 -3.408 0.521 -2.252 -3.874 1.697 -1.189 -3.548 -2.598 -1.798 -1.592 1.499 0.698 -3.962 2.174 0.274 2.608 2.86 1.782 -1.542 2.635 1.520 1.438 2.552 -3.973 -2.239 -1.245 0.650 0.897 2.974 -3.969 0.87 -3.223 0.36 0.292 2.329 -1.418 0.887 0.862 0.20 2.559 1.212 0.667 -3.819 -3.308 -3.604 -2.643 0.256 2.139 -3.107 -3.881 2.786 0.704 -1.817 -1.6 2.791 -2.604 -1.870 -3.397 2.603 -2.274 
-3.147 -3.54 -2.412 -1.480 -1.897 1.808 2.291 0.373 0.60 -3.233 2.526 1.947 -1.548 -2.266 1.738 1.163 -1.219 -3.823 -1.559 0.131 1.27 -2.223 -1.924 -1.747 2.894 1.494 -1.815 -3.684 -2.444 -2.519 1.970 0.408 -2.351 -1.379 0.397 1.69 0.332 -3.599 -1.737 -2.764 0.643 -1.423 -3.905 1.775 2.651 -1.345 -3.551 -2.863 0.199 -3.742 0.2 1.23 -3.82 -2.914 1.463 -2.209 -2.451 0.340 -3.488 1.152 -3.308 1.92 -2.277 0.594 1.702 0.830 1.535 -2.196 1.895 2.773 -3.81 -3.582 -3.372 0.594 0.78 1.929 1.763 1.619 1.373 0.156 
1.68 0.599 -1.547 -1.296 -3.136 1.41 -2.194 -3.99 0.995 1.778 1.511 0.794 -1.550 2.934 -2.407 0.682 -1.385 0.332 1.143 1.387 -3.24 -3.306 -2.953 0.818 -3.478 -1.49 -1.421 -3.108 -3.802 -3.248 0.704 -2.343 -3.194 0.393 1.963 0.321 0.675 2.782 -1.175 -3.275 -1.243 2.687 -2.743 -3.121 1.900 2.115 -2.638 1.913 -1.615 -2.791 0.223 -2.771 0.311 -3.56 -1.895 0.361 0.43 1.191 -3.133 2.289 -1.912 1.890 1.238 -2.679 -1.304 1.601 1.901 1.643 -2.604 1.791 -1.411 1.38 1.378 0.326 1.149 0.512 -2.359 0.741 -3.471 2.667 
-2.363 -2.568 -2.740 1.774 2.315 -2.695 1.887 1.735 -2.112 1.576 0.816 1.304 -3.752 2.666 0.911 0.122 0.113 0.859 0.104 -3.361 -3.561 -1.175 0.258 -3.491 1.606 2.161 2.706 0.931 -1.152 0.244 0.519 2.133 -1.601 -3.905 -2.96 -1.720 -2.553 1.352 2.638 0.619 -3.37 0.605 -2.143 0.879 -3.28 1.846 -3.426 1.909 -1.862 0.402 -2.671 2.705 1.798 -3.843 1.725 2.888 2.212 -2.949 1.486 -2.448 -3.460 -1.10 0.302 -1.874 0.766 -2.558 -2.960 -1.476 1.563 2.27 0.343 0.446 0.140 2.969 2.941 1.956 2.93 2.619 2.707 -2.633 
1.572 0.390 -3.300 -2.565 0.92 -3.375 0.394 -1.132 -1.626 -3.402 -3.407 2.158 1.147 -1.645 1.54 -2.424 -3.346 1.934 1.978 -2.893 2.263 -2.782 0.512 2.647 -2.314 0.895 0.705 0.472 -1.321 2.221 -2.862 -1.593 0.25 -3.669 0.872 -1.178 -3.494 -3.47 1.104 -2.796 0.675 -3.256 -2.23 -1.158 -1.558 -1.530 0.550 1.359 -3.133 -1.525 -2.663 -3.845 -1.953 2.71 -2.262 -2.173 0.457 0.469 1.448 1.390 2.916 0.828 2.356 -3.186 -2.249 0.589 2.220 -1.358 2.571 1.557 1.49 -2.980 1.554 0.533 1.555 -2.675 1.397 -1.697 1.478 0.624 
2.233 -1.796 0.315 -1.710 0.489 2.593 -3.74 2.961 2.49 1.266 -3.347 -3.520 -1.900 -1.357 -3.262 2.959 2.859 2.187 0.536 0.148 -3.306 -1.490 -3.584 -3.248 -2.644 1.625 -1.197 0.49 0.949 0.81 0.835 -1.928 -3.118 -2.77 -1.757 -2.85 -2.899 1.774 -2.678 0.80 0.768 -3.894 -1.111 2.554 1.221 -1.855 1.411 -2.880 -3.319 0.397 -3.317 -3.89 -3.90 1.314 0.776 2.131 0.856 -1.368 1.153 -1.540 2.278 0.664 2.481 -3.106 -2.542 1.601 0.897 -1.530 -3.849 -1.166 -2.369 -1.527 2.78 2.998 -2.178 1.416 -3.122 -2.309 2.519 -3.622 
1.812 2.40 -1.210 1.819 -3.843 -2.822 0.977 -1.43 0.700 -2.490 -2.747 0.854 -2.288 1.752 0.454 1.403 -2.175 -2.485 1.497 -2.985 -2.23 -1.857 0.422 -2.752 -2.902 1.279 0.420 0.274 0.940 -1.617 2.185 -2.918 0.983 -1.2 1.733 2.417 0.845 0.481 -3.812 1.423 -1.378 -1.549 -2.48 1.744 -2.19 1.39 2.552 0.818 -1.205 -1.570 1.868 1.863 -2.514 1.804 -1.741 -1.398 -2.770 -3.612 2.699 1.955 -3.216 2.687 0.287 1.35 -1.88 1.648 2.221 2.330 -2.98 2.242 0.433 1.483 -2.108 -3.240 -2.55 -1.174 -2.476 1.704 -1.836 1.619 
-1.179 -3.560 -1.291 -2.759 -2.131 1.424 0.818 -1.605 2.209 -1.696 1.168 2.440 -3.335 1.281 1.248 -3.752 -2.359 1.589 -1.273 0.356 -3.173 -1.908 -2.467 2.262 0.941 2.40 2.474 0.263 1.77 2.316 -1.428 0.543 0.537 -2.14 2.347 0.791 2.965 0.243 -1.690 -2.27 -3.7 1.509 -3.561 -3.42 -1.214 -1.39 -3.911 -1.404 -2.370 -2.831 -1.330 1.809 -3.982 -2.487 2.403 -3.952 -1.595 -1.644 2.371 -3.58 -2.587 -1.211 0.669 -1.264 0.907 -2.728 0.827 -2.354 -1.55 -2.183 0.632 -3.893 -1.158 -3.260 -3.641 -2.505 -3.759 -3.844 1.812 -2.635 
-3.195 -3.227 -3.842 0.678 -1.51 0.771 -1.972 -2.343 -2.586 -2.431 -3.562 -1.555 -2.782 -1.423 -3.152 -3.273 1.737 1.477 2.98 -1.552 -2.551 0.626 -1.949 -1.778 2.804 -3.161 0.867 0.340 0.132 -1.169 2.781 -3.660 -2.262 -2.357 1.164 -1.520 1.508 0.735 -2.841 2.254 2.487 2.840 -2.87 2.864 0.976 -3.510 -1.904 -2.66 -3.985 0.585 -1.277 2.166 -2.453 -2.150 1.363 -3.957 0.143 -3.684 2.174 -2.792 1.945 2.72 -3.867 -2.227 -3.103 0.510 -3.423 -3.669 -2.105 -1.868 -1.9 0.67 2.210 -1.34 -2.209 -3.804 -3.74 1.477 2.56 -3.122 
-1.421 -3.277 1.750 -2.709 1.923 2.643 -2.622 1.500 -3.458 0.994 1.798 0.494 2.743 -1.351 1.429 0.725 1.837 -1.18 -2.434 1.457 -1.80 -2.810 -3.226 2.359 -2.302 2.414 -2.515 0.823 -1.308 1.842 1.721 -1.880 1.989 2.972 -3.697 0.882 -2.304 0.984 -3.811 2.59 -2.760 -3.258 2.513 -1.297 -3.796 2.973 1.97 -2.261 2.760 1.886 2.417 0.864 1.359 -2.525 0.257 1.64 2.487 -2.61 -3.970 -1.306 2.931 -2.616 -2.280 0.167 -2.725 0.581 1.411 2.396 1.769 1.633 1.778 -2.13 1.13 -3.333 1.873 1.272 2.297 0.830 0.734 -3.901 
2.58 0.123 0.632 0.880 0.881 -3.980 -3.202 -3.213 -2.103 -1.838 -3.178 2.198 -3.277 -1.525 -3.772 -3.427 -1.459 -1.70 1.868 -2.423 1.559 1.753 -2.377 2.60 -2.808 -3.426 -1.486 -2.388 0.553 1.391 -1.720 1.288 1.30 -1.993 2.145 1.725 2.818 0.933 -2.689 0.708 -3.207 -1.992 1.741 0.655 1.491 -2.956 2.205 1.527 -2.466 -1.36 1.808 0.981 1.307 -3.810 -1.112 1.473 -3.344 0.735 -3.209 0.390 -2.994 -1.822 0.899 -2.521 -3.634 2.58 2.815 0.675 -1.701 0.710 -1.801 0.43 0.398 -3.632 0.841 -1.980 0.711 1.374 2.286 -1.35 
1.452 2.495 0.569 0.85 -2.380 0.697 2.68 2.478 1.16 0.746 -1.215 1.440 -1.292 1.820 -3.372 -1.81 -3.810 -2.451 -2.5 2.412 -3.259 -2.545 -3.722 -1.593 2.498 1.457 -1.487 -3.753 -2.150 -1.983 -3.381 -2.491 0.874 1.778 -2.223 1.831 -3.633 -2.25 1.393 -1.810 2.654 0.990 -2.483 -3.77 1.753 -3.305 2.471 -2.497 -1.32 2.958 2.643 -1.261 -1.776 -3.78 0.272 -2.667 1.115 -1.923 -2.713 -2.565 0.762 0.894 -3.487 0.440 2.399 -1.188 -2.600 -3.852 -1.57 0.181 -1.343 -1.2 0.964 -3.692 -1.193 1.985 0.540 -2.840 -3.517 2.588 
0.123 -2.46 0.217 2.649 0.493 -2.801 -3.393 -1.803 0.153 0.782 -1.99 0.592 0.296 -1.201 -1.431 -2.548 -1.979 -2.946 -2.210 -2.791 2.267 2.956 -2.476 -1.886 -2.445 -3.842 0.77 0.542 -3.46 -3.480 2.734 2.344 0.454 -3.196 -3.484 -3.489 -3.127 -1.624 -3.992 2.81 0.440 -2.878 -3.567 -1.317 -1.890 -3.753 1.589 -2.312 -2.87 -2.572 2.926 -2.41 -3.860 2.151 -1.710 1.707 2.633 -3.980 1.808 -2.800 1.811 -1.546 -1.373 1.110 2.817 -2.188 1.956 0.453 1.376 -1.913 -1.685 2.763 1.916 1.767 -3.652 2.45 -2.469 2.453 -1.10 -1.97 
-3.586 -2.966 -3.73 -1.382 -2.125 -3.393 -2.395 1.855 2.678 2.582 -2.537 2.226 1.371 0.483 2.952 0.167 -2.463 -1.692 0.302 0.132 0.452 2.478 -2.188 -2.774 2.232 -3.32 1.718 -2.170 0.198 -2.158 0.859 -3.83 2.724 1.409 -2.617 -1.308 2.45 0.949 0.29 0.445 2.7 -2.780 0.355 -1.442 0.443 -3.94 0.484 -3.544 2.225 1.799 -2.6 1.369 0.26 -3.387 -2.757 2.980 -2.17 -1.796 0.532 0.567 -3.135 2.574 2.662 -2.407 0.126 0.972 -2.91 -3.810 -1.399 -1.764 -3.565 -2.896 1.786 -3.28 1.49 -2.953 -2.347 1.419 2.153 -2.306 
-2.496 1.595 -1.56 0.224 -2.158 1.761 -2.384 0.368 1.689 2.626 -3.34 2.904 -3.536 0.326 -2.732 0.80 1.901 -2.651 -2.893 2.937 -3.826 0.745 -3.254 0.400 -1.225 -3.847 -1.405 2.464 -2.450 0.316 -3.685 -2.463 -1.842 -3.759 0.450 -3.99 1.436 -1.45 1.642 2.851 2.962 2.511 -3.66 -2.632 0.558 -1.36 1.36 2.2 1.423 -2.327 -1.1 -1.831 -1.124 2.300 -2.930 2.483 2.857 -2.865 2.968 -1.959 1.38 2.81 -3.793 -1.689 1.816 -1.888 -2.465 -3.104 -3.868 2.65 1.383 2.572 -3.379 2.679 2.121 2.884 -2.467 -3.654 0.452 1.540 
1.603 -2.321 -3.762 2.360 -3.899 2.220 -2.607 -2.133 -2.12 -2.116 2.45 -3.583 1.63 1.187 0.636 2.990 2.440 0.628 1.777 1.823 -3.199 -2.815 1.497 1.430 -1.900 -3.807 -3.525 0.537 0.793 0.164 0.721 -2.487 -1.97 -2.3 -1.503 2.537 -3.527 -1.718 1.245 -1.459 -1.656 -3.842 1.245 1.305 1.938 -3.915 1.933 2.214 2.720 2.584 -3.831 0.219 -1.203 -1.710 -3.333 -2.795 -1.401 1.102 2.736 -1.133 0.968 2.993 -3.376 0.454 -2.750 -1.601 -3.884 0.225 0.401 0.129 2.126 -1.348 2.641 1.357 -2.107 0.827 -2.539 1.856 2.198 -2.828 
-1.246 -1.490 -3.751 -3.39 0.144 1.237 0.136 2.156 -2.439 -1.988 -3.929 -3.299 -3.312 -3.840 -1.717 0.241 -2.522 -3.505 0.395 1.762 -3.962 -3.346 1.192 -1.859 1.357 -2.825 -3.128 0.652 -1.758 -2.824 1.496 1.657 0.367 0.267 -2.309 1.693 -1.780 0.672 -3.374 -2.577 2.722 0.547 0.727 2.288 1.671 0.270 2.814 2.63 2.173 -1.499 2.801 0.401 2.947 0.379 0.552 0.237 2.349 -3.362 -1.357 1.539 2.883 1.809 1.618 -2.936 1.384 -2.574 2.887 -1.376 -1.320 0.661 -2.605 2.140 -2.586 -3.946 1.120 2.307 1.417 1.728 1.397 1.645 
-3.341 -1.313 -3.76 -2.442 2.173 2.608 -1.602 1.814 -1.74 -3.619 1.784 -1.798 0.189 -3.199 2.522 1.663 0.507 -1.31 -3.175 -3.277 -3.242 2.34 -1.17 -2.542 -3.875 0.975 0.153 0.905 1.475 -1.828 0.305 2.83 -3.18 -3.455 -2.292 2.82 2.800 -3.963 -3.822 1.886 -2.673 -3.100 -3.284 -1.771 -1.984 1.435 -1.889 2.694 -2.203 -3.726 -2.587 -2.646 -3.709 -2.734 -1.794 -2.599 -3.89 -1.758 2.372 -1.98 1.704 1.308 -1.226 1.862 -2.343 0.551 -1.194 2.895 0.891 -1.926 0.836 1.95 2.771 -1.122 0.544 -3.389 -3.171 0.584 -2.577 1.848 
2.504 -2.825 -2.648 0.199 0.199 -3.868 -1.917 -3.19 -1.213 1.250 -1.400 -2.302 0.309 -1.872 1.791 -3.169 -3.841 0.311 1.321 -3.724 -3.702 -3.747 -2.479 -3.861 0.435 2.992 0.349 0.940 1.637 -2.171 2.241 -1.88 -3.710 -2.818 -1.951 1.52 1.256 2.666 2.921 -1.987 1.375 1.506 -1.578 -1.930 1.676 2.319 2.580 0.639 -2.751 2.759 2.293 0.345 2.607 1.460 -3.938 -2.424 -1.246 0.106 -2.42 -1.381 0.277 0.123 1.90 2.776 -2.434 -2.292 2.662 -2.815 1.660 2.768 -1.443 -1.543 -2.898 -2.246 0.856 0.960 0.570 -2.392 1.69 1.591 
2.121 1.419 2.51 1.241 -2.106 -1.353 2.198 -2.983 1.486 1.30 -2.540 -2.373 -1.95 2.712 -3.877 -3.496 -3.937 0.68 0.578 -2.106 -1.734 -3.755 0.284 -2.479 -3.410 0.461 0.756 1.131 -2.20 -1.377 2.18 -3.950 -3.558 2.891 -3.273 -3.577 2.365 0.316 0.559 1.32 0.935 2.790 2.449 -2.162 1.391 1.629 0.704 -2.907 1.125 1.63 -3.800 -3.409 -3.528 1.499 0.877 2.833 -1.794 1.23 -2.516 2.557 -2.301 0.484 -3.715 -3.422 0.257 -3.106 2.725 -3.103 2.29 1.511 -3.921 0.661 0.688 -3.831 0.429 2.384 2.262 -2.682 -3.879 2.947 
1.184 1.559 -2.936 -3.870 2.19 1.807 0.819 1.775 -1.424 -2.986 1.464 -2.224 0.657 -3.197 -3.126 2.323 0.806 0.29 0.608 -2.447 -1.121 -1.12 0.368 0.685 -3.603 0.887 -3.463 -1.223 1.145 1.612 0.459 -1.106 -1.550 0.784 -2.777 1.199 -1.575 2.343 0.7 2.966 -3.770 1.968 0.206 2.73 0.144 -1.108 2.509 0.510 -1.808 -1.983 -3.650 -3.371 -2.966 1.239 -3.172 0.843 -2.437 2.848 -2.801 -1.252 0.239 -1.288 1.396 0.439 1.298 -2.893 1.954 -2.837 -3.399 1.494 -2.197 -1.517 -1.313 1.254 -2.591 -1.640 -2.887 -2.666 -3.607 -2.606 
1.26 0.660 -3.521 -3.808 1.864 2.7 2.355 -3.43 0.470 2.590 0.429 -3.28 2.463 2.416 2.273 1.907 0.8 -3.196 -2.873 0.337 2.20 -2.109 0.801 -2.448 2.389 0.761 -1.540 -1.159 -2.494 -2.868 -3.248 -2.83 -3.568 2.65 0.382 1.170 -2.40 -3.332 -1.851 2.383 -2.877 2.224 -1.323 0.934 1.920 2.397 0.842 1.738 -3.804 -2.310 1.201 0.968 1.384 -1.125 -1.622 -2.682 0.595 -3.704 2.349 0.403 -1.972 -2.619 1.798 0.726 2.419 -1.154 0.312 2.767 -1.315 -2.630 -3.3 0.624 1.970 -1.405 -1.234 -2.865 1.510 -2.146 -2.308 -2.546 
-2.916 -1.457 2.310 -1.129 0.100 1.972 -2.417 -3.804 -1.885 -2.621 1.954 -3.160 0.437 -3.910 0.86 0.572 2.296 -1.338 2.222 -1.182 2.320 0.823 -3.347 2.856 0.40 2.210 -1.745 -1.912 -3.429 -3.729 -2.914 2.940 1.59 2.321 -3.187 1.951 2.18 1.125 -3.658 0.802 -1.542 0.849 -3.536 -3.621 0.323 -3.6 1.225 0.370 -1.680 -2.982 -1.116 2.433 0.416 2.533 -2.54 2.40 2.217 -1.346 -1.16 0.790 -2.304 -3.630 -1.625 -3.504 -3.650 -1.786 2.295 2.223 2.73 2.870 0.594 -2.336 -1.446 -2.160 0.921 -3.322 1.499 0.688 0.549 0.478 
-2.434 2.316 -3.73 -1.821 0.456 0.89 -3.280 0.706 -1.904 -3.482 -3.654 1.455 -2.561 -1.810 -3.343 0.33 -3.764 1.177 -1.302 -2.499 0.672 1.621 -1.779 -3.282 0.380 2.495 0.445 1.862 -2.909 -1.506 -2.518 -3.352 2.830 -1.861 -3.280 0.614 -1.223 1.545 1.368 -3.697 -1.901 -3.44 -1.520 -2.848 2.229 0.770 -2.85 0.148 -2.359 1.885 -1.155 0.546 1.44 -3.960 -2.46 2.695 -1.865 0.801 -2.71 1.842 -1.281 0.647 1.644 -3.73 -1.859 -3.809 1.762 0.211 -2.797 -1.48 -3.59 2.199 2.768 -2.510 -3.93 1.291 2.887 -1.18 -3.952 -2.476 
-2.131 -1.973 -1.211 0.691 2.642 0.550 -2.682 2.264 2.521 1.678 -2.481 -3.390 -1.59 0.315 2.617 -2.147 0.3 0.150 1.307 -1.633 2.302 0.515 2.548 -3.230 2.192 2.395 -1.0 -2.481 1.32 -2.646 2.23 0.121 -3.10 -2.581 -1.484 2.631 2.235 -3.534 0.590 1.870 2.981 1.247 1.471 2.762 1.88 0.127 1.890 2.203 1.335 1.729 0.743 -1.362 -1.772 -2.59 -1.242 -2.171 -3.266 -3.71 2.223 0.803 2.314 2.276 0.638 2.394 -1.830 0.949 -1.509 2.860 0.115 1.109 2.132 0.814 0.751 -2.911 1.160 0.216 -1.496 -3.984 -1.105 -3.689 
-1.191 1.582 -2.59 0.278 1.766 0.52 -3.731 -1.497 -2.154 2.460 -3.757 2.513 1.537 0.315 1.294 -2.143 0.783 2.683 0.149 -2.609 -2.858 0.181 -3.480 -3.887 -2.894 -2.595 -3.825 -3.985 -2.962 0.253 -2.525 0.563 1.383 2.206 -3.151 2.740 -2.77 -1.624 1.968 -1.796 -1.341 2.203 -3.511 -2.331 1.492 0.775 1.149 0.910 0.761 -2.0 0.731 0.593 -1.568 -2.808 -1.504 0.370 0.287 -1.570 2.845 -2.947 -3.825 -2.294 1.197 0.895 1.566 -2.284 -2.133 -1.82 -1.322 2.464 -1.654 2.11 -3.237 -1.628 -1.103 2.824 -3.198 2.377 -3.185 1.76 
-2.718 1.191 -3.455 -3.76 2.976 -2.536 -2.617 1.857 1.621 -3.689 -2.575 -3.187 -2.824 -3.756 1.66 -3.159 0.572 -1.62 0.969 1.497 -2.791 -2.583 2.304 2.919 2.304 -2.394 -1.835 -3.382 -2.625 -3.976 -3.745 -2.970 -2.681 -2.62 1.94 -1.525 -1.735 1.506 -1.914 -2.119 -2.790 -1.763 0.398 0.804 -3.699 -2.576 0.344 2.166 -1.732 1.573 -1.282 -3.964 2.777 -2.346 0.814 1.959 -3.30 1.642 1.236 -1.614 -2.230 -3.723 -3.130 -1.369 1.953 0.420 2.819 -1.800 -2.883 -3.316 1.315 1.435 1.72 -3.638 2.94 0.470 -3.727 -3.542 1.413 -1.760 
2.986 0.618 -2.495 -1.579 0.601 -3.62 0.591 -3.510 1.245 0.138 1.688 2.63 0.939 -2.840 0.498 2.214 -1.694 -3.76 1.16 0.373 0.430 -3.902 2.687 0.419 0.752 -2.624 -3.314 1.60 -2.813 -2.134 -1.847 -1.66 -2.439 -2.411 0.837 0.425 0.965 2.534 -3.943 2.362 2.593 1.6 2.74 2.397 2.238 -3.510 2.571 1.721 -1.817 -2.90 2.702 0.425 -3.830 2.582 -2.240 1.733 -2.850 -3.646 2.525 -2.964 0.159 -2.545 -3.771 -3.875 1.236 2.929 1.409 -1.196 -3.441 -1.806 1.155 -3.455 -2.432 1.575 2.466 0.545 1.692 -1.770 -1.824 0.879 
0.980 1.308 1.431 -1.464 0.189 0.675 2.898 -1.449 0.922 -2.863 2.803 0.776 2.132 -1.636 -1.768 1.215 1.667 -2.559 2.487 -3.848 2.219 -1.787 -1.112 0.611 1.510 0.299 2.48 1.647 1.43 -1.963 -1.226 -3.369 -2.513 -1.973 -2.443 2.6 0.87 -2.824 -1.78 0.267 -2.488 1.784 2.653 0.535 1.211 -1.531 0.760 2.637 0.612 -3.723 -3.459 1.357 1.718 -3.152 2.518 2.733 1.565 -3.89 -3.508 1.191 -1.650 -1.959 -1.476 -2.351 0.535 1.261 -3.421 -3.793 1.583 1.79 0.218 2.96 -3.91 2.166 1.891 -1.156 2.137 0.220 0.673 0.404 
-1.354 -1.548 0.531 -2.910 -1.12 0.51 -2.957 2.739 0.705 -3.28 -1.820 -3.365 -1.128 -2.24 -1.277 1.135 -1.795 2.875 -3.706 -1.688 -1.884 2.137 2.850 0.798 -1.263 -1.603 0.558 -2.118 -2.210 -2.267 1.720 0.467 2.197 2.897 0.755 2.262 -1.42 0.909 -1.510 -1.555 -1.462 -2.393 0.480 -1.866 -2.355 -1.577 -2.623 -3.924 -2.874 -1.47 -1.824 1.796 2.664 -1.592 2.24 1.230 -1.744 0.600 0.688 1.49 -2.878 -1.949 0.358 2.476 -2.446 -1.438 -3.927 0.350 0.724 -2.857 -2.623 1.251 1.12 -1.34 -2.708 1.149 -3.668 0.383 2.257 -2.696 
-2.8 2.633 -1.183 -2.85 -2.388 0.904 -2.744 -1.163 -3.476 -3.363 -1.993 0.589 0.151 0.520 2.714 -2.683 -1.292 -3.884 2.946 -1.846 -1.626 0.412 -2.243 1.477 -3.945 -1.591 -2.755 2.164 0.345 2.201 -1.347 0.253 1.84 1.642 0.676 -3.485 1.99 1.873 0.106 2.120 -1.942 2.19 -3.728 2.315 -3.800 -2.100 -2.323 -1.714 -3.388 -1.188 2.759 0.651 -2.935 -3.229 -1.51 2.984 2.655 2.855 -1.141 0.172 0.978 -2.545 -1.712 2.10 -3.561 -1.311 -2.208 0.887 1.612 -3.70 1.827 0.563 -1.366 0.533 -2.18 -3.263 -2.391 1.981 -1.398 2.201 
1.475 -3.133 -2.813 0.774 -3.649 2.295 0.666 0.602 -1.992 -1.399 2.188 -3.253 1.450 1.664 2.681 -3.902 0.860 2.71 0.698 -2.513 2.54 -2.521 1.233 -1.805 -3.790 -1.8 -3.192 1.280 1.194 0.522 0.343 -3.161 -3.723 -1.668 -3.857 0.957 1.418 0.176 -3.669 -3.31 2.629 0.782 2.964 -2.882 2.185 -3.824 0.34 -3.84 2.915 2.869 -1.650 -2.435 -1.94 -2.505 0.115 -3.557 -1.935 -3.23 2.551 1.362 -2.208 0.579 0.274 0.279 1.256 -3.895 2.814 0.665 1.260 -1.617 -1.522 2.301 2.202 2.940 2.333 -2.365 2.382 -1.47 0.53 1.394 
-2.214 2.82 -3.58 -2.811 -3.765 0.885 -3.167 -1.697 -3.648 -1.108 -3.476 2.706 2.939 -3.652 -1.265 -3.191 2.606 -2.603 -3.428 0.523 0.171 0.629 2.263 -3.64 -1.677 -1.781 -3.909 -2.829 -1.702 -1.396 -3.488 -1.205 -2.728 2.739 0.530 -3.363 1.465 0.741 1.103 -2.989 1.196 -2.678 -1.148 2.708 -1.13 1.916 -1.134 1.826 0.706 -1.546 -1.144 0.631 2.841 -2.699 -2.219 -3.52 0.53 1.981 0.306 -1.801 1.522 -1.583 1.444 1.574 1.978 -1.391 2.731 1.768 -1.462 -1.118 1.888 2.59 0.389 0.666 2.290 -2.330 -3.960 -2.770 1.991 1.524 
-1.798 2.839 -2.450 -2.496 2.673 -1.957 2.796 -3.565 -3.251 -3.864 -1.533 2.659 1.56 -2.60 -1.193 2.743 -1.952 -1.991 0.296 -1.689 -2.934 -1.753 -3.396 -1.457 0.213 2.845 -3.619 1.493 1.923 0.420 -3.375 -1.680 -2.365 2.970 1.394 0.234 -2.294 0.831 1.52 -2.896 1.543 -1.91 0.534 -3.740 -3.149 -1.546 0.622 0.475 -1.787 0.433 -1.889 2.368 0.245 -2.817 -1.763 1.950 0.441 1.566 -3.22 -2.270 1.203 1.588 -1.226 -3.664 0.58 -1.53 -3.649 -1.754 2.291 1.496 0.713 -2.330 -3.259 1.433 -3.701 -3.964 -2.788 -3.519 0.479 0.421 
1.429 2.378 2.308 1.14 0.246 0.804 1.865 1.485 2.440 -1.656 -2.432 2.852 1.785 1.632 -2.96 -1.885 2.593 0.197 0.272 -1.299 -1.121 1.152 -1.333 -2.677 -2.120 0.425 2.83 2.939 0.717 0.258 2.106 -2.561 -2.833 0.597 -2.33 -1.928 -2.554 1.239 0.90 2.46 -3.691 -2.72 -3.185 1.840 -3.56 -1.619 -2.497 0.323 -3.379 0.339 0.308 -3.208 0.545 2.548 -3.293 -3.972 -2.276 -2.995 1.538 2.923 0.507 -2.199 1.288 1.403 -1.342 -1.343 2.27 -3.655 -2.524 1.310 0.734 0.272 -2.752 -3.424 1.16 1.333 -1.181 -2.747 -2.673 2.193 
-1.792 2.413 0.111 1.389 2.741 1.66 -3.997 0.492 1.928 -2.648 -3.59 0.813 -3.165 -1.659 -2.153 -2.547 -2.7 -1.368 2.517 1.412 0.816 -1.489 0.787 -3.957 2.874 0.659 1.16 0.354 0.836 0.193 -2.232 -3.788 2.582 -3.127 0.149 -3.904 1.114 -3.194 0.632 1.865 2.194 2.127 -1.300 -3.777 -1.479 2.16 -2.513 -1.231 0.342 -3.514 0.606 0.493 -1.335 0.237 -1.852 -2.817 2.943 -2.752 2.820 -1.527 2.937 0.79 -1.77 2.166 0.58 2.640 1.752 -3.207 -1.996 2.345 -2.764 -3.543 1.204 -3.940 2.384 2.673 -1.402 -2.228 -1.848 -1.673 
2.236 1.249 -2.633 0.68 2.244 -3.327 2.563 -3.468 0.834 -3.422 -3.121 2.530 2.293 2.60 -1.125 -2.320 2.36 -2.479 1.692 0.680 -1.577 -1.77 2.234 -3.40 2.84 0.950 1.959 -1.613 2.47 1.770 1.614 2.940 -2.120 -1.386 -2.541 -2.902 -2.207 -2.995 -2.416 -2.409 2.652 -1.731 2.171 2.31 -3.567 -1.745 -1.491 0.638 -3.352 0.775 2.846 -1.490 -2.738 2.196 0.562 2.507 -1.258 1.444 -1.928 1.715 0.281 -3.808 -2.473 -1.653 -1.62 -3.424 -2.424 0.934 -3.835 2.659 -3.170 0.683 0.758 -1.843 0.858 -3.515 0.56 2.727 -2.862 -3.413 
0.640 0.509 -2.78 0.725 1.428 -2.230 1.60 -2.251 -1.789 -2.972 2.227 0.711 -3.193 -2.19 1.671 -1.332 -1.973 -2.3 2.480 -1.377 0.194 -2.557 2.125 2.397 0.257 -3.802 -2.246 2.374 -1.602 2.636 -2.251 -2.913 1.448 -2.516 2.529 2.545 1.628 -1.882 -3.835 0.5 2.858 2.416 1.521 -3.530 1.818 -2.119 -3.928 2.479 -1.392 -1.109 -3.347 -2.300 -2.992 -3.587 -2.325 -3.138 -2.652 -1.361 -3.361 -3.363 2.664 2.763 -1.6 2.531 0.643 2.408 -3.546 -3.638 -3.515 -3.366 -3.64 -1.830 2.793 0.111 -1.581 0.477 -3.571 1.339 1.695 2.662 
0.696 -1.606 -3.675 2.700 2.968 1.289 -3.19 2.454 -2.467 2.386 2.153 2.783 2.259 -1.645 2.851 -3.394 -2.621 1.97 -1.887 -2.843 2.647 2.202 0.951 1.827 2.439 1.170 2.202 -3.474 -3.198 -2.197 1.650 -1.251 -3.918 1.390 -2.132 1.45 -1.899 -3.208 2.44 -3.241 -2.787 -2.559 0.241 1.403 -3.57 -2.26 -2.969 -1.180 -2.824 2.264 -2.822 0.754 -1.186 -3.461 2.477 -3.193 -2.607 -2.124 -3.966 -1.149 -3.428 1.259 -3.435 -1.666 2.495 2.961 -1.698 2.364 2.500 0.601 2.355 -1.595 0.906 -1.429 -1.136 -2.220 0.174 1.17 0.954 2.605 
-3.747 -2.225 -1.442 -3.917 -1.18 -1.954 -1.957 0.247 -1.491 1.261 0.421 0.828 -3.502 -1.131 -2.909 0.416 1.329 1.133 2.89 -3.245 -2.786 -2.516 0.659 -2.301 -1.842 1.325 -3.34 -2.268 -1.327 2.882 -3.558 -2.224 -2.991 2.395 -2.740 -2.211 2.640 -2.909 -3.343 -1.601 -2.200 -2.90 -3.73 -1.821 1.302 -3.582 1.522 0.357 -2.291 2.437 -3.128 2.827 2.225 -3.943 1.516 -3.834 -2.844 -2.288 1.744 1.812 0.905 -3.647 -1.752 -2.587 1.659 0.226 -1.591 -2.454 -1.250 -3.44 -2.792 2.641 -3.143 2.550 0.655 -1.727 -1.61 -2.146 2.598 0.237 
1.390 0.788 2.880 1.488 2.997 0.452 -1.310 0.975 1.391 2.876 -2.318 1.389 -3.485 0.295 -3.785 -1.524 -1.779 -2.603 -3.734 2.195 2.17 1.24 -1.151 -2.389 1.373 1.493 -3.37 2.621 1.442 0.723 1.294 1.857 -3.28 1.927 -3.102 -1.825 -3.256 2.98 1.749 -2.537 -2.537 2.329 2.963 -2.882 1.289 -2.458 -3.713 -1.183 2.842 1.493 -3.277 0.247 -2.826 0.788 2.423 -3.286 1.463 -2.752 2.210 -2.623 -2.651 -3.226 1.208 0.288 -2.22 -3.818 2.444 0.71 0.428 -1.707 -1.151 -2.917 1.475 2.849 1.474 0.182 0.602 2.311 -1.979 0.564 
0.757 2.572 1.902 2.105 -1.265 -2.252 -3.854 0.19 1.801 -1.573 2.409 -1.333 2.507 2.691 -3.113 2.660 0.815 -1.985 -3.430 1.767 0.634 2.71 -2.169 -1.166 -3.112 1.501 -3.55 2.920 2.31 -2.654 2.647 -3.459 -2.391 2.451 0.754 -2.822 -2.618 -1.149 -3.522 -3.770 2.617 -3.896 0.570 -1.946 -1.786 -1.798 -2.979 -1.359 2.109 -3.694 2.234 2.233 -3.717 2.870 0.571 1.89 -1.665 2.97 0.601 1.828 1.888 -1.864 1.426 0.236 -1.836 2.214 -2.881 -1.208 -3.265 -2.72 -3.871 0.391 1.982 -2.784 0.808 -2.600 -2.838 2.753 -3.64 0.908 
2.422 -2.435 -1.271 -3.811 1.366 1.832 -3.223 -2.990 1.159 2.205 1.139 -3.466 2.273 -2.502 0.636 2.738 -2.976 1.992 -2.735 2.470 0.256 -2.468 -2.633 0.205 1.985 -3.14 -3.216 -2.600 -3.345 -2.810 -2.130 -1.982 -2.642 2.458 -1.730 0.343 2.701 1.929 2.972 -3.196 -3.694 -1.325 1.998 -3.933 1.337 -2.122 0.614 1.127 1.132 -2.865 0.664 -2.722 2.881 -1.985 -2.102 -3.729 -1.646 -2.824 -2.395 2.152 2.919 -3.928 -3.75 -2.564 -1.812 0.267 -2.512 -1.935 2.786 -2.664 -2.39 1.50 0.264 0.89 1.231 1.38 0.261 -3.284 -1.842 -1.861 
-2.300 1.619 -2.630 0.12 -1.736 -3.491 -1.869 -3.291 1.203 2.789 2.20 -1.299 2.905 -2.641 -2.621 2.311 2.705 2.344 -3.891 -1.12 1.944 -3.646 -1.84 1.651 1.813 -3.194 -3.592 2.60 2.120 -1.594 0.261 2.466 0.540 -2.823 -3.116 1.942 -3.394 0.631 1.825 -2.687 -2.990 1.840 0.117 -2.884 -3.8 -3.12 2.788 0.653 2.994 -3.214 -3.407 -1.257 2.903 1.200 -1.878 1.775 2.965 -1.89 0.598 -3.357 -3.589 -2.501 2.190 1.910 -2.604 2.287 0.334 -3.717 -1.555 2.79 -2.220 -1.567 2.267 -3.446 -1.888 -3.928 -2.644 -2.883 -1.979 0.263 
-1.2 2.51 1.965 -1.249 2.516 1.656 -3.158 2.718 2.501 2.99 0.771 0.950 0.676 2.359 -3.601 -2.854 -3.536 0.394 0.484 -1.266 -3.334 -3.477 2.432 -2.477 1.678 -2.834 -2.402 -1.810 -1.106 0.256 0.613 -1.677 1.565 2.295 1.912 -2.335 -2.379 -1.288 1.664 2.453 -3.543 -1.361 1.987 -3.816 -3.830 1.646 -2.180 -1.9 -3.598 -1.65 -2.315 -3.228 2.818 0.262 1.975 1.3 -1.565 0.398 0.622 2.398 2.704 2.964 1.171 2.103 -2.819 1.545 2.344 -3.448 1.206 -3.336 -3.153 0.222 -1.240 0.846 -1.593 1.214 2.348 2.928 -3.616 2.950 
-1.405 0.529 1.322 2.824 -3.486 -3.313 -3.327 1.434 -3.381 2.103 -3.786 -1.860 0.259 1.624 1.351 -3.41 -2.32 -2.248 1.807 -3.99 -2.138 2.662 0.876 0.85 0.332 -1.393 -3.934 -3.39 1.932 -2.945 2.488 -2.18 0.696 -3.235 -3.691 1.862 -1.477 1.234 0.873 -2.152 -1.40 1.153 0.275 -1.601 -1.176 -1.349 1.132 2.762 -2.399 2.251 -3.407 2.780 -3.899 -2.531 -1.912 -3.76 0.790 -1.738 2.949 -2.102 -1.735 2.197 2.659 1.152 2.288 0.550 -1.611 -1.412 -2.973 1.577 1.869 -2.893 1.95 1.69 1.854 -2.206 1.21 1.896 0.877 -1.842 
0.827 -2.731 -3.674 2.693 -1.364 -2.677 -1.955 -3.938 0.97 -2.584 -1.914 0.307 -2.771 -3.597 0.565 0.138 1.976 1.469 -2.764 -3.206 0.148 -3.686 -2.238 -2.699 -3.672 0.82 2.238 2.730 -3.446 1.818 -3.194 -3.624 -1.486 -3.267 2.951 -2.685 0.924 0.994 -3.31 0.137 1.366 1.11 1.657 -2.473 -3.285 -1.208 -1.689 -1.464 0.373 -3.712 2.223 -3.390 0.36 -1.16 1.488 2.498 2.305 0.114 0.332 -2.53 1.39 -1.874 2.337 -1.441 1.354 -1.593 1.793 1.766 2.849 1.581 -2.328 -3.514 2.967 1.455 -3.878 -2.170 -1.715 1.177 0.454 -1.811 
0.218 -1.873 -1.282 0.562 -1.297 2.315 1.373 -3.945 1.748 1.679 -1.693 2.893 0.743 1.686 1.365 1.585 -3.984 1.406 -3.0 -2.294 -2.732 -3.834 2.13 0.822 2.569 2.149 0.711 1.916 -1.77 0.992 1.812 1.410 0.698 -1.904 0.408 2.244 -1.635 -2.108 0.79 -3.231 -2.649 2.793 1.587 -2.464 -3.487 -3.70 1.254 0.657 -2.284 1.770 0.244 0.719 -2.231 0.726 -2.123 -3.517 -1.798 -1.990 0.579 1.400 -2.936 1.409 0.3 2.99 2.624 0.308 1.344 0.236 -2.607 2.507 -3.412 0.423 1.414 -3.259 -3.939 2.716 2.746 0.143 0.831 1.611 
1.928 -2.9 -3.757 0.712 0.953 -3.568 2.753 1.262 0.984 2.622 -3.982 1.250 -2.791 2.134 -1.292 -1.982 -1.635 -1.650 2.308 -1.298 2.49 -3.748 2.897 1.960 2.898 2.537 -1.603 2.75 -2.678 0.500 -3.108 1.581 -2.291 0.149 1.691 -3.787 -1.712 1.59 0.220 1.667 -2.747 2.907 2.717 -3.780 -2.885 0.710 -3.956 1.232 -3.580 0.985 2.562 -3.245 2.104 -3.568 -1.555 -3.976 -2.697 1.685 -2.455 2.240 -2.825 0.773 2.996 0.181 2.477 -3.939 -1.736 -2.334 0.708 -3.222 1.638 2.369 -1.370 0.818 2.518 1.493 -1.486 0.111 -1.718 -3.799 
1.551 2.696 1.865 -1.696 0.365 -3.918 -2.321 -3.383 -3.851 -3.165 0.894 -3.286 -1.612 0.194 -3.134 -1.421 2.987 -3.886 -1.908 1.409 -2.793 -1.125 0.527 -1.90 0.320 0.210 2.106 1.525 0.554 -1.847 -2.796 -2.963 1.386 -1.941 2.520 -1.234 2.655 2.685 0.254 -2.902 -1.10 1.367 -1.343 0.732 -3.487 0.923 0.740 2.716 -2.743 -3.687 -1.330 1.661 -1.349 -3.737 -1.487 2.875 -2.96 1.370 -2.992 0.374 2.60 0.882 -3.551 1.110 -3.783 1.670 1.233 -3.125 2.601 -2.132 -3.711 -3.304 0.226 -3.49 2.561 -2.941 1.709 -3.505 -2.784 2.960 
80 100
-2.484 1.616 -3.506 2.803 2.42 1.875 1.612 2.818 2.420 2.626 -3.394 -3.74 2.1 -2.314 0.201 -2.565 -1.118 1.580 -2.423 -2.286 0.194 2.74 1.284 1.499 -2.820 1.754 -1.594 1.338 2.493 0.821 2.102 2.876 1.33 -2.475 -3.442 -1.94 -1.417 -3.632 -1.651 2.447 0.292 0.919 2.285 1.897 -2.156 0.748 -1.29 2.886 -1.371 -2.139 -2.897 2.143 1.988 -3.584 -1.412 1.471 -1.609 1.363 -3.653 2.666 -1.856 0.817 -2.744 -2.640 -2.584 1.556 2.698 1.989 0.186 -2.929 -3.620 0.936 1.126 2.557 1.751 2.331 0.109 -3.857 -2.258 -1.548 -1.302 -2.799 2.691 -2.755 2.625 1.27 -2.293 1.8 -3.771 -1.166 2.744 2.561 -1.846 2.842 0.674 0.650 -1.874 0.912 -1.706 0.715 
-2.316 -2.795 1.929 0.612 -3.111 1.672 -1.456 2.682 0.868 0.754 1.903 2.868 0.424 -1.723 0.408 0.179 -1.492 2.616 2.317 2.553 -2.521 -2.363 2.78 -3.222 -2.835 2.62 0.533 -3.241 1.731 1.419 0.601 -1.846 0.599 -1.169 -1.907 -1.136 -3.350 -2.159 -3.452 -1.860 1.121 -3.711 -3.23 1.919 1.417 -3.400 0.109 -3.21 1.610 -2.593 2.932 0.158 2.417 2.187 -2.942 1.474 0.668 1.482 0.421 -1.227 -2.645 -2.579 2.234 -3.755 0.608 0.757 -2.573 2.41 2.594 1.634 -2.498 -1.836 0.933 -1.556 2.826 -2.769 -3.723 -3.902 2.899 1.80 -2.918 -1.294 1.509 -3.33 1.270 -1.43 2.190 1.865 -3.435 -1.624 2.902 1.939 2.411 -2.680 0.741 -2.944 0.560 -1.472 -2.670 2.305 
0.848 -2.809 -1.693 2.783 0.466 -2.351 -1.558 -3.210 0.169 2.434 -2.547 -1.841 -2.246 1.147 2.73 1.296 -3.44 0.635 1.330 -1.409 -1.978 0.478 1.681 1.873 1.211 2.742 1.964 -2.214 -2.585 -1.332 -1.763 -2.724 -1.434 2.974 1.937 -3.233 -1.333 -1.592 0.760 -1.812 0.676 -1.263 -1.759 -3.598 2.829 -3.964 -2.263 -2.501 1.926 2.173 0.662 0.899 1.320 1.368 -3.752 -3.998 -3.320 1.154 2.108 0.563 -1.284 -3.950 -1.3 0.380 2.89 -1.787 2.788 1.368 0.556 -1.431 -1.455 -3.323 0.28 -2.545 -1.534 2.488 -1.918 1.114 -2.977 2.580 -3.906 1.915 -1.569 -3.118 1.634 1.720 -2.612 -1.706 2.204 -1.436 -3.73 -1.435 0.38 2.781 -2.451 0.161 2.778 1.294 -3.906 -1.460 
2.781 2.70 1.807 -2.819 0.354 -1.161 0.623 -3.579 -3.31 -2.511 -3.456 -2.435 -2.757 2.365 -3.125 2.102 -1.676 0.467 0.308 -1.946 -1.150 2.787 1.125 1.721 -2.135 -1.549 1.62 2.799 0.774 -2.830 -3.688 2.125 1.388 2.753 2.294 1.567 -3.780 2.51 -2.742 -2.378 1.804 -2.369 -2.249 -3.67 -1.715 2.375 -1.249 -1.137 0.526 -1.521 0.568 2.798 2.79 -1.85 2.815 0.458 0.669 0.290 -3.968 -3.963 -3.963 1.514 -3.878 2.582 2.409 2.611 2.609 1.493 -1.739 0.240 1.831 -2.923 -1.429 1.564 -1.138 0.888 -3.956 1.553 2.875 -1.309 1.603 0.483 -2.707 -3.848 -2.351 -3.283 -3.193 -1.376 0.919 1.178 1.962 0.404 2.470 -1.677 -1.10 0.562 -1.737 -3.957 -3.621 -1.692 
-3.129 0.343 -1.802 0.718 2.565 1.803 2.479 -3.471 -3.878 -3.417 -1.442 -1.735 -2.306 -1.128 -1.748 2.670 -2.535 1.371 2.940 -3.871 -3.611 0.357 -2.641 2.683 -1.397 0.177 1.509 0.121 -3.465 -3.722 0.348 2.319 -3.432 2.573 0.437 -1.179 2.850 2.909 -3.552 -2.575 0.345 1.405 2.156 2.313 0.263 1.479 -2.363 -1.479 -1.499 1.612 -2.301 1.246 2.100 -1.23 2.382 -3.923 0.398 0.191 -1.854 0.2 -3.948 -2.637 -1.292 -3.657 -3.251 -3.351 2.333 0.259 -2.327 0.663 2.131 -1.4 0.797 2.164 -1.266 -2.722 -1.317 1.26 -1.115 -3.182 -1.90 1.888 -1.865 -1.564 -3.912 1.729 1.700 2.395 2.246 -2.667 0.118 -2.931 -1.910 1.528 2.496 -2.781 0.698 1.209 2.695 0.486 
-3.630 0.224 2.939 1.67 -3.961 -2.71 -2.610 -1.866 -3.557 1.933 -2.679 -3.489 0.224 -1.960 0.972 -2.502 -2.908 0.976 -1.406 1.33 0.754 -3.571 0.807 -2.275 0.818 -3.1 -1.285 -2.170 -2.170 -3.503 -2.724 1.386 -1.95 -2.675 1.527 0.556 2.572 -3.560 -3.38 -1.312 -3.796 2.773 -2.776 -2.98 -2.936 0.104 2.355 0.517 0.427 -3.391 -2.59 -2.97 1.187 2.740 -1.522 -1.369 -2.709 0.678 -1.12 -3.720 0.865 0.323 -2.246 -2.126 0.644 2.554 0.577 -2.959 -1.425 2.561 0.8 -3.370 -3.133 0.362 0.416 2.606 1.851 0.74 -1.793 -1.75 0.341 2.563 -1.69 -3.632 2.776 2.927 -3.792 2.865 -3.409 -1.376 -1.432 -3.473 2.118 1.767 2.786 -1.677 1.426 -3.225 2.386 -2.536 
0.936 -3.719 1.375 -1.278 0.715 -3.276 -3.246 -1.307 1.319 2.69 -1.252 0.631 -1.670 -1.526 0.800 1.664 2.792 1.22 1.417 -1.226 -3.749 -1.801 -1.104 0.488 -2.550 1.413 -1.986 -2.614 0.441 2.758 1.388 -2.902 1.63 -2.592 -1.112 0.697 -3.570 1.194 -2.875 -3.9 -2.756 0.116 -3.248 -1.556 -3.987 2.896 -2.665 -1.681 2.900 0.733 -3.582 2.418 1.568 -3.239 -3.307 2.504 2.220 -2.354 0.652 -1.715 -1.810 -1.138 -3.378 -1.640 -3.60 1.38 -2.906 -3.665 -1.566 -3.807 -2.689 -3.437 -3.708 0.136 0.394 -1.646 -3.302 -1.954 -3.630 -1.592 -1.67 0.934 -3.173 0.55 -3.644 2.547 2.193 -2.609 2.851 -2.544 2.888 -2.951 -2.572 -2.61 1.530 2.705 -2.703 1.640 -3.697 -1.256 
1.911 -3.284 0.160 2.303 2.571 -3.710 -1.12 -1.19 2.132 1.52 0.792 -1.410 -2.287 -2.353 -3.549 -2.695 -3.493 -3.144 2.531 2.904 -2.481 1.559 0.51 -1.160 0.721 1.897 -2.288 -1.847 1.190 0.318 1.795 2.144 -2.770 1.772 -2.929 0.972 -1.388 -3.102 2.442 1.641 -1.170 -2.835 1.433 0.764 -2.670 0.600 1.815 -3.519 -1.178 -3.235 2.631 1.846 1.146 2.70 -1.991 0.339 1.724 2.814 2.423 0.391 2.481 0.108 -2.396 2.79 1.37 -1.290 2.52 -3.459 -1.912 0.98 -2.575 2.309 -3.836 2.189 -2.290 -3.657 1.403 -2.267 1.567 -3.768 1.332 1.307 1.373 1.870 2.131 -2.679 -1.110 1.56 1.558 -1.777 1.235 -1.126 2.48 -2.976 0.584 -2.280 -1.158 -2.586 -2.879 -2.60 
0.66 1.65 -2.693 -1.260 1.208 0.299 0.163 -1.801 0.207 -1.86 -1.290 1.368 2.145 -1.654 -2.859 2.461 1.462 2.182 -3.25 -3.148 2.326 -2.833 2.774 -1.41 -3.419 -3.992 2.965 1.342 -1.804 2.529 1.719 1.518 -2.847 -2.437 1.322 -1.863 -3.279 0.535 -1.783 -2.394 -3.825 0.656 1.313 1.680 2.471 -2.269 2.202 2.381 -1.358 0.622 -3.255 0.882 -1.668 -3.212 -1.742 -2.992 -3.962 2.230 1.692 0.792 -2.62 -2.481 -1.684 -2.216 -3.503 2.515 -2.735 -3.654 -3.829 1.558 1.192 -2.522 0.188 2.12 -3.335 1.284 -2.610 1.806 -2.912 2.582 -3.380 2.639 0.605 -2.909 0.986 -1.617 2.353 2.925 -2.88 -3.345 1.239 2.583 2.247 1.755 -2.750 -3.166 0.306 2.679 -1.411 2.896 
2.432 0.84 -2.916 1.660 -2.412 2.657 1.319 2.681 -3.687 -2.436 2.716 -3.760 2.683 -1.132 0.244 0.691 -2.749 1.635 -3.738 0.868 2.789 0.577 0.913 0.90 -2.961 1.113 2.542 -3.477 -1.908 -1.608 -1.539 -2.820 -1.823 1.561 1.539 1.839 -2.487 2.695 2.676 -2.692 2.211 0.583 2.437 -1.470 -1.723 -1.922 2.625 2.971 -2.41 1.415 2.54 -1.578 -1.355 0.801 -1.512 2.459 -3.218 -1.348 0.406 0.413 -1.21 2.310 2.855 2.693 1.403 -2.879 -1.372 -1.215 1.567 -2.156 0.701 2.390 0.279 -3.904 -3.408 0.188 -2.550 -2.495 -3.339 2.337 -3.549 1.98 -1.683 2.68 0.44 -3.547 1.322 1.678 2.698 1.306 2.906 -3.478 -1.258 2.695 1.72 2.867 0.404 -1.327 2.801 0.625 
1.358 0.476 -1.233 -1.459 -3.403 -1.122 -2.277 -3.949 -3.352 -3.834 0.589 0.77 0.824 -2.719 -3.926 -2.446 1.320 -1.280 -2.926 1.546 -1.732 2.324 -2.763 0.745 1.255 0.614 -2.612 -1.29 -3.587 1.385 2.933 1.78 2.111 0.798 -3.596 0.523 1.523 -1.468 0.830 1.3 1.919 1.738 0.289 2.669 -2.90 -3.771 -1.843 1.0 -3.169 0.518 -3.274 1.184 2.129 1.217 -2.531 0.365 -2.762 2.699 1.595 -2.658 -2.784 -2.354 2.40 -2.113 0.694 -3.939 1.716 -2.343 -2.739 -2.517 2.930 0.678 -3.600 0.342 -2.220 2.984 1.143 -2.95 2.209 2.755 2.889 0.572 2.310 -1.494 2.666 0.53 -3.895 -2.360 0.433 2.162 1.1 -3.60 -2.645 1.486 -2.888 2.842 -2.480 -2.361 1.421 -3.945 
0.472 0.87 0.349 -2.821 -3.819 -2.176 -3.823 -3.642 -2.772 -2.685 -2.676 -2.320 1.773 -1.558 2.841 -1.684 0.504 0.748 0.817 -1.384 0.168 2.205 -1.821 1.996 0.695 2.333 0.836 -1.743 2.887 1.32 0.467 -3.507 1.943 2.309 2.30 0.62 0.951 -3.362 2.864 -3.363 -1.326 1.613 0.538 -1.234 -1.776 0.68 -1.864 -2.244 2.105 -1.199 1.817 -3.221 -3.229 -3.449 -1.470 -1.117 0.413 -1.552 -1.505 -2.977 -2.169 -3.16 -2.183 -3.632 0.663 -1.942 -3.204 2.731 -1.275 1.710 -3.539 -1.487 -1.154 0.384 -3.362 1.818 -3.627 0.840 -1.136 1.203 0.825 -3.792 2.270 -1.908 -1.212 0.893 1.635 -1.993 1.44 -1.716 0.961 -3.582 -3.994 0.456 -3.738 -1.430 -2.696 0.311 0.666 -2.534 
-3.659 -2.407 -2.108 -3.704 2.980 0.422 2.169 2.986 -2.852 0.279 -2.241 -1.946 -2.797 -2.900 2.994 -1.179 -3.962 -1.778 -3.179 -2.676 -1.363 -2.198 -2.787 -3.345 -2.185 2.182 -2.781 1.398 2.301 -1.987 -1.745 -3.469 -2.365 2.278 2.664 0.557 -3.921 -1.137 1.633 2.253 -2.705 -3.633 -3.980 1.517 -2.695 -1.55 2.237 2.495 2.99 -1.512 -3.476 0.915 2.345 0.403 -1.909 1.470 -1.325 2.584 0.230 0.40 0.676 2.682 -2.897 -1.659 -3.42 -3.356 -3.801 -2.574 2.233 1.221 -3.948 2.123 -1.508 -2.693 -3.728 1.414 -2.638 -3.930 -2.674 -3.805 2.860 2.563 -2.901 -3.235 -3.697 1.997 -2.503 0.963 1.713 0.200 -2.386 1.361 2.371 -3.887 -1.694 2.321 0.470 2.545 -3.229 -3.801 
-2.136 -1.547 0.934 1.989 -1.843 -1.385 -1.949 -2.380 -2.231 -2.704 -1.541 2.957 -2.471 1.47 -1.325 -2.211 2.284 2.354 2.57 1.286 0.311 2.772 -2.922 -2.162 2.740 0.403 0.81 0.553 -2.889 1.471 2.994 -3.269 -3.451 -2.550 -3.866 -3.242 -2.119 -1.716 -2.709 -1.150 2.606 2.932 2.326 -1.340 -2.347 2.927 0.576 1.352 0.384 -2.71 2.905 -3.176 -1.401 1.976 -3.637 -3.412 -2.765 0.740 1.964 -3.455 0.910 2.485 -3.733 1.549 1.10 -2.821 -3.615 2.92 2.619 2.362 -2.866 -1.180 1.447 -2.832 -1.720 -2.567 1.57 2.591 1.542 1.397 0.908 1.515 1.480 1.175 1.447 -2.639 -2.908 -3.440 -2.496 1.373 -3.336 -2.369 -1.163 -1.322 -2.176 -1.905 -1.491 -1.846 -3.534 1.476 
2.100 -2.815 0.585 2.735 1.756 2.192 -3.915 0.579 -3.305 -1.135 2.616 -3.832 2.490 -3.143 1.199 1.583 -3.773 1.223 2.506 -3.375 2.629 2.623 1.95 -3.399 -2.355 -3.155 0.856 -2.850 0.977 0.468 -2.713 2.29 0.993 2.101 2.400 -2.525 -1.193 -3.324 -2.610 -3.71 1.476 -1.335 2.593 -3.875 -1.440 -3.109 2.838 -1.866 -3.388 0.144 -3.890 2.405 0.709 1.650 -3.618 -1.837 2.174 0.22 1.4 -2.178 0.791 -2.532 1.508 0.716 2.202 0.938 -2.105 2.913 0.326 -1.402 -1.352 2.646 -3.928 1.970 -3.87 2.263 2.401 1.363 1.946 -2.653 1.380 -2.461 1.501 -3.700 -3.828 -1.237 2.125 -1.100 -3.135 2.778 -1.451 -3.590 1.416 2.25 1.241 2.959 1.919 -1.863 -2.234 -2.75 
-3.568 -2.2 -2.434 -3.982 1.752 -1.161 -1.662 -1.578 1.965 -3.187 -1.519 -1.248 -2.554 1.103 0.711 -3.216 -1.806 -3.352 -2.952 -2.893 -2.741 1.739 0.606 1.440 2.450 2.566 1.915 -1.908 1.877 -1.596 -2.241 -1.177 -1.793 -3.717 -1.585 0.740 -3.637 0.59 0.963 0.152 -1.350 -3.737 0.933 -1.159 0.922 -1.464 -3.36 -1.530 -1.235 1.269 1.705 0.158 -1.123 1.629 1.789 -2.171 1.1 1.483 -1.426 1.90 2.393 1.575 -3.687 0.114 -2.169 2.785 -2.596 -1.240 1.597 0.181 2.134 -2.112 2.845 -2.557 -2.495 2.79 -1.668 -1.312 1.788 1.705 -2.580 2.620 -1.709 2.468 2.957 -2.265 2.858 -3.485 1.536 -2.874 -1.858 -1.305 0.755 -3.657 0.732 2.167 -1.557 2.846 2.845 0.836 
-2.48 -2.397 -1.840 -2.723 1.428 -1.704 1.821 -3.814 0.649 -1.282 -2.655 1.412 0.640 1.728 -2.54 -2.159 -2.184 0.468 -2.13 -1.487 1.362 -3.389 -3.30 -2.810 2.651 -1.855 1.961 1.726 2.737 0.626 0.997 -3.260 0.878 1.85 -1.618 -2.97 1.555 2.396 2.290 2.537 -2.296 -2.149 -1.22 -1.212 -2.125 2.808 1.502 1.823 0.697 2.404 1.941 -3.962 0.647 -1.942 -1.942 0.200 -1.600 -1.81 -1.30 2.542 2.236 -2.588 1.23 0.626 -1.583 0.967 0.263 0.269 -3.571 1.329 -3.312 -3.175 -2.758 0.109 -2.74 -2.578 2.80 2.502 1.313 0.229 -1.817 0.664 0.405 1.756 -1.134 1.160 -2.622 0.18 1.344 -1.436 -1.870 0.648 0.429 -1.380 2.702 -1.967 2.532 0.830 2.223 2.475 
-1.593 -1.962 -2.462 2.399 2.840 1.178 -1.208 -2.420 -1.486 0.592 1.544 -2.395 -1.353 -2.295 0.39 0.487 -3.520 -2.202 -3.637 -2.392 2.537 -3.383 -2.415 1.950 -1.129 0.369 -3.948 -3.597 -2.407 -3.639 -3.4 1.541 -2.402 1.805 -3.202 -2.724 -1.925 -1.170 -3.277 2.860 1.429 -3.138 1.280 -2.987 1.740 0.176 2.446 2.694 -2.551 0.928 -3.195 -3.218 2.786 0.596 -3.238 2.927 0.624 -3.111 -3.75 -1.865 -2.70 1.55 0.575 -1.762 -1.0 -2.981 -3.96 2.258 1.424 -1.443 -1.412 2.483 0.574 1.996 0.287 -2.51 0.965 2.719 -3.723 -3.640 -2.728 0.340 -3.438 -2.861 0.334 -2.654 0.440 -1.79 0.28 2.404 -3.188 0.176 -1.324 -1.517 -3.132 -3.141 2.498 -1.69 -3.706 -2.35 
-1.227 2.946 -3.115 2.989 2.362 -2.350 -2.140 -1.850 1.237 -2.623 -2.582 1.714 2.171 -2.906 -1.416 -1.833 -3.393 2.509 -3.428 -1.881 -2.641 2.512 2.65 0.829 1.502 -1.280 -1.243 -3.740 1.549 2.219 -3.245 -3.174 -1.437 -2.23 -1.192 2.891 -1.627 -2.748 -1.617 -2.666 0.655 2.594 -1.952 -3.196 1.374 2.982 1.867 1.231 0.872 -1.44 -3.672 -2.710 -1.994 -2.234 0.355 1.670 0.476 2.439 0.313 0.763 -1.292 -1.879 -2.908 0.84 -2.756 1.970 -1.72 2.298 -3.976 0.69 0.881 -2.681 0.812 -2.84 -3.752 -2.401 -2.466 2.956 -1.292 -3.566 1.632 2.192 -2.228 1.313 1.791 -2.785 -2.168 -2.728 0.435 -3.421 1.706 1.280 2.901 -2.58 -2.28 2.233 1.545 -3.401 1.138 -3.386 
1.71 2.819 2.609 2.429 -3.460 -1.925 -3.515 0.789 0.480 1.568 -1.191 0.39 -2.180 2.718 1.523 -3.750 1.223 1.806 -3.207 -1.38 1.850 -2.190 -3.471 -2.715 -2.547 1.653 -3.171 -3.651 -3.705 0.243 2.4 -2.304 0.484 -3.903 -1.816 1.414 -2.46 1.656 1.502 2.202 -1.473 1.899 -1.801 -2.964 0.209 1.663 -3.227 0.834 2.591 0.100 -1.569 -1.789 1.85 -1.562 -1.887 2.551 0.228 -2.907 -2.33 -3.573 0.981 -3.75 1.416 2.832 -2.325 -3.190 -2.767 -2.970 0.448 1.299 -3.915 -2.865 -2.214 1.345 1.351 -3.823 -2.847 2.711 -3.299 0.597 -3.769 1.51 0.603 0.539 0.696 0.964 0.556 1.891 -1.370 -2.926 -1.87 -3.494 1.158 2.543 1.599 2.855 -2.520 -3.132 -3.599 0.529 
-2.83 1.930 -2.539 -2.199 1.514 -2.666 1.471 -3.918 -3.138 -2.743 1.525 1.919 -1.360 -2.309 -3.285 -2.130 1.335 1.603 -3.287 -3.174 0.417 0.960 0.920 2.293 1.303 0.463 2.186 -3.549 -1.767 1.377 0.372 -3.789 0.213 1.521 2.742 2.136 -3.448 2.716 -1.879 -3.370 0.832 2.218 0.878 2.414 2.626 1.201 0.126 -3.677 0.322 1.761 -2.919 2.156 2.647 0.108 -2.318 -1.174 0.122 0.986 -1.527 2.794 -3.497 -3.133 1.592 2.283 -1.332 -1.331 -2.110 2.961 1.134 -2.411 -2.643 0.772 2.968 -3.415 1.602 -1.80 0.147 -1.234 2.150 -3.614 -2.542 -1.975 0.365 2.772 -1.413 -1.565 0.520 2.689 -3.995 0.216 -3.29 1.177 -3.223 2.253 2.88 1.586 1.454 2.21 -1.442 1.228 
1.640 2.192 -1.495 -3.657 -2.61 1.823 0.890 2.912 -3.196 0.911 1.319 -1.802 -1.686 2.824 0.837 -3.143 0.9 -1.981 -1.171 -2.882 -1.164 1.694 -2.525 2.352 2.851 -1.851 -3.285 -2.202 2.177 0.257 0.764 0.824 -1.436 0.976 -1.322 -1.410 2.771 -3.874 -3.517 -3.772 1.929 0.785 -2.730 1.74 1.939 1.177 1.743 -1.923 -1.893 0.13 1.812 1.750 0.915 -2.429 -2.329 1.377 0.41 -1.283 -3.946 -3.184 1.349 2.472 -2.33 0.20 -3.399 -1.802 1.270 -2.181 -2.663 -3.522 1.675 -3.770 0.129 1.138 -2.811 2.538 -2.316 -3.591 -3.723 2.570 0.775 0.507 -3.25 2.120 -2.94 -2.332 1.418 1.286 -3.322 2.882 -2.715 -3.51 -3.191 2.566 1.320 -1.476 -3.581 0.973 2.137 -2.690 
1.392 -2.374 2.830 -1.345 2.489 0.806 0.651 0.350 0.786 1.173 1.788 -3.730 1.42 -2.88 -2.161 0.110 1.650 0.872 1.341 -2.841 -1.823 -1.262 -2.943 2.511 0.80 0.368 -1.28 2.144 2.635 1.416 0.250 -2.353 1.84 -2.787 1.941 -3.706 -3.971 -2.367 -3.420 -3.914 0.191 2.898 -3.183 -2.591 -1.513 -1.355 0.532 -3.609 0.411 -1.333 1.361 -2.846 -1.251 -3.833 -3.962 -1.620 0.250 -2.924 2.477 -2.974 -2.290 2.685 1.400 -2.903 1.288 0.22 -1.334 -3.42 -3.775 -2.796 0.695 0.361 1.52 1.710 1.575 1.448 0.149 2.204 -2.461 -2.591 2.525 1.174 -3.351 -2.279 1.342 -1.673 -3.827 -3.353 1.457 -2.717 0.117 2.239 -3.985 -2.166 -1.511 1.596 2.522 -2.696 -2.335 0.997 
-2.653 -3.226 1.264 -1.196 1.261 -1.321 2.678 2.279 -2.590 1.26 1.811 -2.875 -1.219 -3.22 0.255 0.768 2.207 -3.805 -2.171 -1.822 1.609 1.856 0.678 0.79 2.624 1.12 0.271 -2.761 1.526 1.588 -1.27 1.221 1.636 2.376 -1.370 -3.749 -1.809 0.710 -1.376 2.295 -3.913 -1.17 2.976 -1.695 0.834 -3.688 -2.12 -1.401 -2.246 -1.425 1.304 -3.232 1.965 1.398 -2.462 0.971 0.968 1.518 -3.395 0.255 -2.459 0.171 2.953 2.598 -1.325 -2.730 0.736 1.285 -1.792 2.847 2.22 -3.861 -2.320 1.590 -3.201 1.611 -3.751 1.599 -2.314 0.976 -1.487 0.750 -3.706 2.348 -1.546 -3.970 -2.115 -3.584 -3.254 -3.182 2.520 2.653 2.324 -1.435 0.290 2.528 2.895 0.579 0.689 -3.384 
-2.550 0.27 0.353 -1.14 -3.565 0.765 -3.355 -3.349 2.247 0.711 -2.270 0.605 -2.827 -2.361 2.808 -2.659 -3.32 0.292 1.770 0.791 1.756 -3.439 -1.102 0.946 0.987 1.498 2.967 -1.721 -3.504 -1.846 1.828 1.839 -2.5 -2.698 0.720 -2.664 0.2 0.575 0.847 0.816 -3.440 -3.667 2.856 2.372 1.351 2.431 0.274 1.440 0.447 1.57 -1.970 1.515 0.248 0.782 0.159 -2.792 1.380 0.578 2.214 -3.784 -2.495 0.620 0.501 -1.741 2.537 1.774 -3.807 -3.645 -3.147 -3.872 0.765 0.544 1.894 1.104 1.189 -2.595 2.450 -1.861 -3.658 -3.217 0.535 -1.489 1.428 -3.734 2.330 1.671 0.753 -3.21 0.788 0.434 0.25 -3.399 1.78 -2.393 0.629 2.567 -3.476 2.438 2.161 -3.186 
-2.969 2.242 2.459 -1.603 2.205 -1.109 2.225 -1.633 2.363 0.329 0.922 -3.810 2.501 2.52 -1.659 1.398 -1.464 2.648 0.787 -2.922 2.146 -1.777 1.751 1.60 -2.623 0.458 0.969 -2.755 1.625 1.577 2.491 0.749 -2.582 -1.902 -3.411 1.123 0.913 -2.344 -2.277 -1.154 -1.239 -1.1 -1.523 -3.68 -3.679 -1.220 2.41 0.83 0.595 -3.674 -1.466 0.471 2.486 2.107 -1.925 2.174 1.608 -3.94 -2.560 -2.226 -3.85 0.815 2.292 1.350 2.689 0.12 -1.766 1.993 0.247 0.497 2.468 -1.514 -2.478 -3.432 1.493 -3.974 -2.194 -1.788 -2.299 1.385 0.691 -1.284 0.812 1.22 -2.302 -1.371 -2.345 -3.33 -1.252 -3.461 2.633 2.468 2.142 0.790 2.41 -2.13 -2.990 -3.350 2.521 -2.104 
0.316 2.358 -2.494 0.28 1.492 0.567 -2.555 0.568 -2.105 -1.857 -2.721 -2.410 -2.402 2.940 0.586 0.502 2.207 -3.457 1.296 -3.485 2.886 -2.347 1.462 -2.92 -2.442 -3.196 1.529 -1.216 -2.230 -2.714 -3.243 0.196 -1.824 -1.263 0.658 -1.305 -2.698 0.221 -3.228 -1.116 1.972 -1.901 2.297 -2.67 2.344 -3.565 -1.186 -1.237 -3.977 2.848 0.281 -1.121 -2.294 1.350 -3.415 2.801 1.604 -2.401 1.272 -2.500 -3.660 -2.969 -1.945 1.113 -2.165 2.348 -1.901 -2.938 -2.187 -1.170 -2.773 -3.972 -3.916 -2.381 2.694 1.152 2.293 -2.20 1.97 -2.786 1.777 2.337 1.714 2.41 0.405 0.296 -3.788 -1.599 -2.387 -3.681 -2.482 2.64 -2.201 -3.137 -1.329 2.550 -1.923 -3.972 -2.79 -2.716 
-2.695 0.920 -1.536 -2.929 2.502 1.229 1.366 -3.401 2.140 -3.527 0.715 2.980 -3.971 -3.753 -2.220 1.252 -1.17 2.206 -3.612 -3.969 1.453 -1.8 2.647 -3.981 -1.637 1.475 -2.334 0.483 -1.447 -2.460 -3.642 1.290 -3.165 1.322 -3.480 -2.291 -1.672 1.633 1.825 2.666 -2.167 2.601 -1.38 -2.274 -1.690 -3.139 2.483 -1.382 0.287 -3.454 -1.590 -3.786 2.627 -2.805 0.194 2.125 -2.208 -3.699 2.310 -2.399 -2.966 2.803 1.457 2.276 -2.404 -2.146 2.776 2.167 2.916 1.211 -1.197 -3.391 0.664 0.859 -3.277 1.902 -1.663 1.105 -3.301 1.536 2.917 0.168 -1.717 0.925 -2.102 2.940 2.298 -2.206 2.744 -2.304 2.646 -2.734 2.460 -1.911 -2.510 -1.941 -2.374 2.191 1.772 1.176 
-3.938 -2.905 -1.834 0.572 -1.809 0.786 0.984 0.443 1.530 -2.753 1.625 -3.99 1.657 -1.740 -2.273 -2.940 -3.396 1.913 -3.330 2.7 2.43 1.291 2.864 -2.421 1.398 1.956 -2.625 2.103 -1.247 1.83 -3.322 -1.616 0.312 2.354 -3.729 -3.226 0.580 0.989 2.255 -1.442 -3.482 -2.139 -2.703 -3.10 -2.49 1.266 -3.689 -2.943 -3.596 0.30 -1.459 -1.669 -3.628 2.38 -3.259 -2.502 -2.740 -1.735 -3.650 -1.243 -1.718 -3.256 2.579 2.451 -3.873 -1.578 -1.545 2.833 -1.935 1.371 2.653 2.904 -3.32 2.892 1.856 -2.570 -2.165 0.926 -2.664 -2.360 0.535 -2.652 -3.752 1.613 1.571 -1.702 -3.568 2.119 0.43 0.965 1.18 -2.406 1.352 -3.656 -3.245 0.318 1.224 -3.562 2.340 -2.197 
0.133 0.96 0.240 0.412 -1.772 1.367 0.521 2.863 -2.283 -2.952 -2.977 1.656 2.285 -3.962 -2.533 0.522 1.480 1.246 2.812 -1.407 0.183 -3.99 -3.303 -3.224 -2.280 -2.771 1.768 1.904 1.592 -1.244 2.852 2.511 2.510 -1.535 1.86 -2.605 -2.198 0.776 -1.417 1.15 2.280 0.89 1.367 -3.744 -2.545 0.732 -1.596 -1.509 1.472 -3.365 -1.613 1.828 1.363 0.956 -2.617 0.140 -3.721 1.596 2.299 2.792 -2.446 -2.415 -2.180 -2.182 -3.186 -3.610 0.295 -3.1 -3.588 -1.870 -3.316 -3.628 -1.781 0.758 -3.178 -1.20 1.870 0.38 2.29 1.763 2.542 2.380 1.538 -2.225 -3.389 0.868 1.527 -1.548 -1.718 -3.941 1.842 -1.330 2.645 -3.637 0.295 -3.425 -3.164 0.524 -1.15 -1.569 
-1.783 0.347 2.531 1.693 -2.941 -2.850 0.979 0.108 0.44 -2.354 0.952 -2.98 1.519 -2.588 -3.920 1.524 0.954 -3.730 -3.367 0.175 1.125 1.795 0.517 -1.825 0.34 0.14 -2.392 0.813 -2.389 -1.160 -3.232 0.12 -2.75 0.572 -2.801 1.344 0.214 -2.271 -1.613 -2.122 -1.53 -3.536 1.227 0.452 -1.418 1.492 -3.778 -1.349 -3.943 -1.466 -2.754 0.682 1.987 -2.560 0.371 -3.140 -3.309 -3.208 1.886 1.283 1.302 -3.240 -1.598 1.120 1.297 2.368 -2.904 1.767 2.621 -3.80 -1.417 1.278 2.195 1.201 -2.564 -1.128 1.419 -3.259 1.414 -3.770 -1.340 -3.321 -2.339 -2.108 1.558 0.561 -2.357 0.761 -2.873 0.292 1.117 0.905 -2.882 -1.329 2.333 -1.76 1.352 -1.567 -1.494 -3.637 
-3.336 1.461 -1.958 -1.609 -2.859 1.174 -3.880 2.114 -3.198 1.181 2.175 -3.159 1.360 -1.745 -3.23 0.966 2.302 2.688 -1.497 -3.351 0.845 0.904 -3.634 -3.104 0.653 0.372 0.894 -1.441 0.817 0.562 -1.695 -2.966 -2.184 -2.200 -3.992 2.892 -1.743 -1.251 -1.456 2.146 -1.334 1.187 -1.742 0.768 2.860 0.924 2.585 1.513 -1.267 -1.577 -1.620 1.526 2.899 2.322 -2.700 -1.660 -1.720 -3.191 -3.265 -3.780 -1.888 -2.893 2.703 -3.891 -3.0 -2.751 2.130 -3.615 1.517 1.905 2.524 -1.765 0.226 1.945 2.67 -2.726 2.173 -3.74 -1.126 -2.279 -3.232 0.502 -1.633 2.384 -1.417 0.665 1.383 0.917 1.41 -2.384 -2.719 0.934 0.912 1.903 1.661 -3.608 -1.643 -3.23 -2.592 -2.131 
0.619 -2.114 -1.948 1.343 -1.608 -3.489 -3.937 -1.649 -2.845 1.460 2.633 2.554 -1.969 1.225 2.37 -1.405 2.123 0.340 0.852 1.162 1.674 0.491 1.261 -3.898 0.93 0.74 -2.364 -2.373 2.649 -2.651 1.881 -3.248 1.686 -2.13 -1.71 1.466 1.695 0.181 0.44 -3.680 1.727 -3.725 -2.305 1.109 -2.239 0.534 2.810 -1.122 2.328 2.9 1.40 0.669 1.232 1.690 -2.652 2.866 -3.81 0.818 2.928 -3.153 -3.399 -2.356 0.606 2.803 -1.928 0.982 -3.175 2.663 -2.153 1.33 2.12 0.698 2.817 -3.336 -1.622 1.466 -3.315 2.511 0.331 -2.626 -2.555 -1.645 -1.986 0.569 0.455 2.51 -3.150 -3.461 -2.79 0.159 -3.178 -1.70 -3.70 -1.912 2.474 2.265 -2.541 -1.480 -3.248 -1.302 
1.755 -1.854 2.209 1.876 0.727 2.456 1.865 0.206 1.70 0.80 -1.643 -2.429 -2.145 -1.52 -1.792 2.507 2.750 -3.942 -1.456 0.589 -3.854 -2.241 0.50 2.877 -3.160 -3.732 -1.97 2.698 1.76 -2.86 1.867 -2.754 -3.825 -1.43 -2.295 1.545 0.952 -2.670 1.507 2.711 -2.883 1.914 -1.433 -2.816 -1.692 -2.171 -2.420 -3.74 -3.120 2.394 0.304 -2.95 -1.602 -2.270 -1.398 -2.267 2.851 -2.854 2.131 -3.235 -1.224 1.591 2.276 -1.541 -2.321 2.289 2.416 -1.913 1.933 1.291 -2.272 1.123 -3.740 2.320 1.742 -1.314 0.939 -3.79 -2.871 2.298 0.31 -1.736 2.814 1.29 2.289 -2.751 -1.370 -3.815 -3.516 2.104 2.430 -3.568 -1.419 -2.444 0.197 1.434 -1.506 -1.473 0.631 -2.925 
1.723 -2.504 -3.948 -3.508 -1.204 2.64 1.92 -2.995 1.820 0.601 -3.799 1.254 2.183 -2.774 0.895 2.65 -2.354 1.265 1.519 -3.298 -1.96 0.945 2.991 0.610 -1.514 -2.211 1.309 -1.379 0.777 -1.854 0.955 1.148 -1.550 -3.143 0.743 -2.10 -1.427 -3.279 -2.789 1.436 1.535 1.703 -1.242 0.271 -1.461 -3.235 1.240 1.75 -1.639 -1.657 -2.287 0.583 1.275 -1.146 -3.530 -2.374 2.261 1.444 -2.843 -3.139 -3.474 1.755 1.341 -2.130 -2.65 2.888 1.146 -3.5 2.422 2.883 2.708 -3.242 -2.245 -1.210 1.976 -1.521 1.895 -3.311 -3.427 -1.877 2.947 -2.507 -1.995 0.937 2.267 2.722 -1.284 -1.762 -3.475 -3.47 1.697 -2.773 -3.608 -2.855 -2.258 -3.803 -1.113 -1.303 0.400 2.677 
2.143 1.652 0.138 -1.293 2.251 -1.625 1.250 1.705 -2.58 2.486 1.479 0.577 1.589 1.468 -3.116 -3.896 -3.182 -1.261 1.410 -1.577 -3.502 -2.344 1.69 1.990 -3.572 -3.144 0.346 -3.458 0.32 1.652 -3.391 1.409 -1.957 -2.488 -3.70 1.458 0.608 -3.14 2.815 2.624 0.697 2.617 -3.95 1.167 0.949 -3.206 -3.336 1.157 -1.262 -2.42 -3.583 -1.216 2.998 0.844 2.314 0.341 -2.445 0.107 1.37 0.707 2.778 -1.908 -1.959 2.114 -2.392 0.206 -2.618 0.453 -1.277 -2.829 -3.804 0.247 -3.105 -2.568 -2.995 0.805 -3.387 1.463 0.466 -3.516 1.64 1.524 -1.25 -2.47 0.859 -1.28 -2.572 1.627 0.638 -3.243 -3.69 0.680 2.700 0.483 -1.163 1.224 1.591 -1.294 -3.74 0.238 
1.411 0.352 0.132 1.185 -1.620 1.957 -3.901 -1.843 -2.927 -3.120 -3.806 1.489 1.647 -1.285 -1.896 -1.257 2.846 0.327 -1.576 -1.808 1.136 1.385 2.68 -3.528 2.88 1.273 -1.344 -1.566 -1.691 -1.592 2.935 -3.948 1.262 1.257 1.990 -1.683 2.363 -3.617 -2.114 0.656 1.709 0.407 -2.213 -3.838 -2.710 1.144 1.68 -3.573 0.772 -2.178 -3.671 -2.50 2.592 -2.530 -2.570 -2.274 -2.548 -2.682 0.806 2.757 2.555 -1.282 2.947 2.182 1.591 -3.130 1.33 -1.359 -2.901 0.450 0.465 -1.707 -3.629 2.444 -1.571 -2.209 -2.815 0.345 0.828 -2.294 2.911 -1.449 0.589 2.812 -3.592 1.254 0.159 2.93 -3.790 2.21 -2.907 -2.134 1.857 2.570 0.84 0.245 -3.872 0.601 2.975 -2.116 
-2.850 2.867 1.429 -2.745 -1.72 0.218 1.453 0.820 -1.198 0.233 -3.470 2.875 1.646 1.316 -3.759 -1.106 -3.752 2.952 0.203 2.927 -2.530 2.561 1.460 1.469 -1.528 -1.781 1.317 -3.562 2.224 -1.155 -1.199 -1.400 1.344 -1.180 -3.346 2.672 2.213 0.420 -3.236 1.519 2.641 -1.129 -1.645 -1.757 -3.412 2.78 0.989 -2.429 -3.919 2.555 1.450 -1.285 -1.775 -1.212 -3.867 -3.942 1.505 2.872 -1.188 -2.699 1.43 1.919 0.413 -3.618 -1.970 1.626 2.320 -3.112 1.13 -3.80 0.14 -1.74 0.841 2.46 -1.436 0.77 -1.541 -3.91 1.490 0.991 -3.45 -2.210 0.195 -3.822 -3.907 2.253 -1.415 -1.353 -2.481 0.934 1.317 -1.758 0.123 -3.640 2.848 -1.154 -3.235 2.13 -1.888 1.969 
-1.609 2.480 -1.778 -2.438 -2.936 2.693 -1.755 -1.569 -1.496 -2.348 -1.586 1.952 2.988 -1.639 -3.342 -1.365 -3.197 -2.298 -1.4 0.545 1.880 0.36 -2.293 -3.318 1.62 -1.335 -1.787 0.52 -2.36 -3.661 -1.759 -1.431 -1.898 2.288 0.324 -3.135 -3.416 2.922 0.623 2.700 -1.46 -3.59 -3.861 1.737 0.840 2.252 1.437 -1.241 0.235 0.519 -2.4 -3.930 -1.950 1.405 -3.41 2.694 -1.130 1.93 -3.400 -3.192 -2.455 1.737 -2.150 -1.975 2.734 1.693 -2.982 1.980 1.917 -3.26 -3.303 -2.611 -3.882 -2.507 2.998 2.70 0.873 1.21 1.559 -1.730 2.424 -2.779 2.651 1.721 1.397 -3.257 -2.27 0.635 -3.192 1.280 2.504 0.644 -1.533 -2.311 0.267 -2.107 -2.718 -3.24 -3.210 -3.847 
2.676 2.837 -1.780 2.574 1.348 -2.452 -2.476 1.281 2.210 -2.892 2.469 -3.367 -2.253 -1.426 -2.610 0.824 1.857 -1.30 -2.594 -2.884 1.639 0.909 2.803 0.604 -3.236 0.8 -1.201 -1.948 -1.265 1.943 -3.600 -1.103 1.269 -3.38 -2.104 -2.96 2.932 -1.434 -2.878 1.522 -1.276 -2.921 -2.268 -2.719 2.886 1.362 0.267 -3.262 1.113 1.664 0.13 -1.959 -2.418 2.473 -2.956 -1.204 1.404 -1.534 -3.329 0.834 2.435 2.442 0.888 1.309 2.737 -1.864 0.393 -1.216 0.600 1.636 -1.386 -3.955 0.720 0.391 2.773 0.541 2.7 1.623 -1.483 -2.939 -2.170 0.84 0.725 -1.209 -2.795 1.348 -3.280 0.680 -3.454 -1.21 -2.937 1.98 -3.44 -2.850 0.444 2.226 -1.813 0.571 1.858 -1.651 
0.973 2.233 1.85 0.890 2.127 -2.374 0.128 0.406 -3.602 -2.431 -3.59 2.861 0.685 2.978 -3.891 -3.119 1.50 -1.732 -2.808 -2.152 -2.315 -1.302 2.37 1.757 -2.106 2.430 0.301 -2.214 1.732 2.493 -3.504 -1.852 1.84 -3.377 -2.549 -1.608 0.26 0.83 0.874 0.788 -1.815 0.398 2.966 2.644 -2.13 0.782 1.835 -3.583 1.816 2.684 2.50 -1.593 0.55 -1.722 -1.430 -3.389 -3.225 -3.455 -1.139 -2.270 -1.198 1.969 -1.177 0.463 1.887 -3.109 0.519 0.972 -1.406 -2.468 2.624 2.114 -2.289 0.65 1.346 -3.439 0.963 2.535 -2.615 -1.542 0.694 1.747 2.736 -3.745 -3.447 -2.573 -1.516 0.718 1.161 -1.527 2.906 2.226 1.609 0.777 2.597 -1.408 -2.559 -2.367 0.823 -1.617 
0.344 1.332 -1.262 0.558 1.485 1.856 -3.924 -1.821 0.372 -2.257 1.915 0.55 -1.857 2.386 -2.348 -1.304 1.96 -1.271 -3.907 -3.447 1.176 2.6 1.756 -3.508 -2.851 -3.147 -3.977 1.802 1.415 1.127 -3.234 0.523 0.600 -1.916 -3.319 -1.869 2.250 -2.507 -3.549 0.309 0.537 1.146 0.367 -2.982 1.500 -1.135 -3.666 -2.104 -2.430 -1.147 -2.587 0.653 0.183 -2.735 -1.981 -1.735 1.129 2.867 -2.684 -2.505 1.889 -2.888 -3.704 -3.157 -2.20 1.961 0.597 -1.903 -3.446 0.793 2.554 -1.237 1.183 1.387 2.641 -3.226 0.305 -3.945 0.811 -1.570 1.456 1.921 0.253 -1.751 -1.497 -3.66 -2.905 -1.650 -2.646 0.399 0.654 1.396 -3.843 1.995 0.484 0.490 0.764 -3.334 -3.780 -3.477 
0.956 1.797 -1.592 0.600 0.73 -1.714 -1.486 1.129 -3.729 -1.863 1.160 2.649 1.671 -3.316 -1.246 -3.325 0.23 -2.135 -3.386 1.98 0.107 1.701 -3.379 -2.137 0.602 1.176 -3.268 0.138 -1.705 0.206 -2.742 -1.47 -3.443 -3.918 2.976 -3.9 2.201 2.595 -2.546 -3.599 2.274 2.628 2.376 -2.683 2.8 -2.653 -2.441 -3.345 2.708 -2.396 2.685 -1.248 2.61 1.375 -2.531 -3.770 -2.88 -1.100 1.537 -3.896 -3.46 2.63 1.157 -1.336 -3.624 -1.755 -1.223 2.43 2.773 -2.124 -2.804 -3.661 -1.492 -1.312 -3.934 -2.217 1.162 -1.338 1.571 -3.657 0.671 0.800 2.148 2.945 -2.669 2.801 -3.994 1.783 -1.390 2.794 -3.981 -3.593 2.637 -1.661 1.401 2.967 -3.800 2.681 -2.521 2.375 
1.412 -3.750 -2.826 1.629 -1.717 -3.405 0.566 0.987 -1.940 -1.573 -2.606 1.509 -2.450 -1.111 -3.323 -1.659 0.928 -3.435 1.359 1.187 -3.94 0.51 -2.301 -2.898 1.963 -2.171 -1.531 -2.74 -3.305 -2.480 -2.974 -1.155 -1.11 -1.311 -2.229 -2.263 2.754 0.143 1.80 0.293 -3.255 -2.923 -2.279 1.829 1.14 -3.491 -2.707 -1.773 -3.513 -3.343 -1.919 2.118 -3.181 -3.195 2.996 2.735 1.645 2.640 -1.771 1.136 0.367 -3.100 0.876 -1.754 2.200 -2.433 -2.173 -3.990 1.567 -3.674 2.164 1.19 0.73 -2.97 1.670 -3.441 1.862 2.404 -3.991 -3.513 2.575 -3.939 0.196 -1.537 -3.138 -2.848 -2.966 0.195 0.155 -3.959 -3.946 1.647 -1.476 -2.542 2.179 0.75 1.507 -3.382 -1.914 -2.408 
-3.175 2.101 2.799 -3.286 -2.166 2.258 2.129 1.687 -2.9 1.14 0.794 1.271 1.241 -1.720 2.665 -2.630 -3.297 -1.100 1.718 2.160 -1.300 1.154 2.793 -2.303 -1.923 -1.334 2.202 -1.363 -3.56 -3.153 -1.913 -1.852 0.811 2.216 2.809 -3.264 0.359 -1.375 -2.437 1.582 2.604 -1.435 -3.210 1.249 0.425 -2.658 -3.27 -2.51 -2.409 -2.45 0.799 0.679 0.194 1.730 0.539 -1.768 1.382 -3.470 1.563 1.340 0.754 1.422 0.274 1.773 -2.506 -1.491 1.264 -1.898 1.778 -2.468 0.954 1.900 -2.879 2.163 0.423 2.542 1.221 0.490 -2.908 -1.444 0.701 0.7 -3.904 0.75 -3.690 0.904 -2.144 -3.313 -3.796 -3.778 2.811 2.643 -2.254 1.598 2.555 0.661 -1.729 2.996 0.824 -2.937 
-3.401 1.636 0.621 0.137 1.968 1.783 -2.622 -1.329 -2.834 -1.170 1.60 -1.733 0.964 2.308 0.261 -3.772 -3.68 0.276 2.421 -1.164 -3.274 -1.264 -2.901 -3.208 0.751 -2.545 0.741 2.799 2.844 -2.16 -1.676 2.425 -3.70 -2.237 1.147 2.79 0.594 1.485 -1.756 1.857 -2.170 -3.94 -2.709 0.352 -1.592 2.250 -3.581 -2.166 1.410 2.199 0.541 -1.652 -2.732 2.152 -2.16 2.57 2.295 1.270 1.537 0.733 0.388 1.602 0.339 -2.729 -3.658 1.699 1.454 0.275 0.752 2.212 0.31 2.261 2.793 0.876 -3.301 0.220 0.925 -2.67 -1.285 -1.618 -2.381 0.43 2.406 -3.540 -3.234 2.598 2.220 0.712 1.785 1.461 -2.81 0.537 1.872 0.498 -2.410 2.972 0.373 2.956 1.364 -2.512 
-3.886 0.534 -2.105 2.627 1.110 -1.473 0.994 2.30 2.20 2.570 0.669 -1.591 0.825 -3.585 1.363 2.890 -1.301 -3.745 -1.924 0.918 -3.519 -1.673 2.516 1.918 -3.250 -1.350 -3.967 -2.903 -1.183 0.536 2.988 -3.880 -1.811 1.250 -2.23 -3.215 2.378 -2.78 -1.573 0.139 -2.900 2.602 1.879 -3.169 0.61 -2.453 2.76 -1.334 -3.748 -2.302 1.744 -2.370 -1.896 2.104 -1.777 0.374 2.782 -3.239 2.246 1.359 -3.347 -1.244 0.282 -2.460 2.642 -2.143 1.38 -1.934 -3.4 -3.612 2.415 0.637 -1.411 -2.413 -1.331 1.838 1.116 -1.780 -3.595 -2.649 -1.700 0.891 0.654 1.883 0.905 -1.776 -1.268 -3.89 -1.600 1.141 -1.207 -3.37 0.497 0.181 2.170 0.136 2.890 1.831 2.438 -2.518 
2.855 -3.445 0.712 1.631 2.455 -3.276 -1.492 -2.543 -1.877 -1.844 0.501 -2.50 2.911 1.871 -2.576 -1.893 -2.29 2.581 -3.112 2.429 -1.155 1.801 1.822 2.545 -3.159 -3.997 1.915 1.174 1.836 2.161 -3.528 0.303 -3.612 -2.534 -1.953 -1.641 1.302 -3.976 1.154 1.141 -2.880 1.648 -2.856 2.868 0.931 2.566 -2.625 -2.146 -1.305 1.534 -3.766 0.271 -1.282 2.843 -1.745 1.390 -3.360 1.613 -1.503 0.733 0.414 0.485 -2.354 2.732 0.229 2.512 -2.967 -2.101 1.368 -3.219 -3.14 -1.361 2.88 2.927 -2.152 -1.218 2.867 2.127 -3.945 1.44 -1.72 -1.921 1.299 -1.310 -1.493 0.946 0.211 0.568 2.243 1.387 -1.148 2.478 -3.234 -2.473 -3.458 -2.309 -3.345 -2.841 -3.976 0.763 
0.491 -2.43 -3.978 -3.0 2.776 2.390 0.349 1.941 1.18 -1.315 -1.239 2.40 -1.989 0.370 1.977 -1.239 2.283 -2.209 -2.194 2.867 0.209 1.642 1.232 -1.346 1.73 -2.412 -1.44 -3.501 -2.454 0.187 -1.792 0.886 -1.797 1.80 -1.248 -2.601 -3.719 -2.605 -2.371 -3.564 -1.882 1.425 -2.617 -2.283 -1.720 0.476 -2.484 0.669 -3.80 -1.127 -2.52 -3.859 -3.672 0.161 -2.648 -1.401 -2.80 -2.662 -3.756 -3.605 0.961 -3.870 1.165 0.556 -3.155 -2.746 -1.240 0.138 0.257 -3.86 -1.316 1.403 -1.383 -1.748 -3.50 -1.372 1.989 2.187 0.824 1.260 -2.564 0.270 0.155 -1.293 0.303 -1.217 -2.84 -2.240 2.448 -2.438 -1.585 -2.25 -2.344 2.499 2.414 -2.954 -2.851 2.585 -2.518 -1.867 
0.204 1.26 -3.752 0.19 2.406 1.24 -3.398 -2.959 -3.867 -1.697 -1.953 2.806 -1.425 1.29 0.107 0.460 -1.493 -3.967 2.31 2.681 2.306 -2.821 -3.74 -2.440 -2.621 -3.65 1.803 1.277 1.944 -1.201 2.185 -2.268 0.165 -3.781 1.970 -2.551 1.582 1.960 0.335 0.73 1.333 -2.274 -3.490 -2.909 -2.166 1.634 -2.948 2.316 0.84 0.505 -1.367 2.274 0.866 -2.125 2.544 -3.232 -3.80 0.605 -2.227 2.178 -1.78 0.155 -1.409 -3.605 0.946 -2.400 1.785 -2.928 -1.995 -3.127 2.852 -1.657 0.739 -3.798 2.483 -3.803 2.552 0.885 2.650 -3.382 -3.957 -2.732 -3.426 -3.612 -1.716 -1.855 -1.788 2.109 2.472 -1.725 -1.970 1.672 0.535 -1.274 2.597 0.569 -3.155 0.828 1.306 -3.23 
0.293 -2.164 -3.603 0.525 0.461 -3.193 -3.912 -3.830 0.53 -3.541 -3.442 -2.298 -1.817 0.234 -3.30 -3.852 2.114 -3.642 -2.58 1.84 -3.274 2.776 -2.365 -1.980 0.146 1.26 -3.150 2.436 -2.14 -3.573 2.71 -3.444 -1.167 -1.420 -2.504 2.206 2.505 -1.423 0.627 -1.73 -2.412 0.737 -1.869 -3.131 0.466 -1.615 2.102 1.860 1.976 1.531 -3.829 1.67 -3.782 -3.729 1.43 0.487 2.464 2.71 0.597 0.296 -2.477 -3.285 -3.229 1.691 2.452 -3.718 -2.114 -1.292 -1.735 -3.425 -3.233 0.852 1.337 -3.346 -1.288 -3.212 1.791 0.789 -2.134 1.110 1.20 2.236 1.475 -3.318 0.366 0.1 1.23 -3.8 -3.912 -1.5 -2.407 -2.73 -2.637 -1.573 1.191 -3.206 2.954 2.250 2.277 -1.770 
-3.779 -3.658 -2.37 -3.968 -1.380 1.681 1.615 -1.984 2.104 2.500 -2.794 0.856 -1.944 0.23 0.457 -2.713 -2.758 -2.117 1.92 1.344 1.109 2.165 2.351 -1.165 -2.766 -2.419 2.956 -1.460 -1.917 -3.982 0.501 -3.527 -3.674 -2.231 -1.328 -3.564 -1.195 -1.804 -1.976 -2.735 -1.791 -1.380 -3.256 2.920 -3.86 2.819 2.18 -2.898 -2.446 1.946 1.619 -2.809 0.767 -1.443 -3.890 -2.320 1.889 -2.611 0.894 0.937 2.47 2.500 -2.634 1.322 2.173 -3.775 -3.735 0.662 2.197 -1.143 -3.474 -3.537 2.636 -2.379 0.941 2.639 0.248 1.474 -2.253 0.355 1.720 -3.72 0.704 1.102 2.314 2.586 2.269 -3.19 -2.858 1.172 1.565 -3.660 -3.913 -3.568 -2.950 -1.240 0.118 -1.491 -3.249 -2.970 
-1.215 0.243 -3.694 -3.823 1.893 -1.9 0.416 0.374 1.323 0.509 -1.652 2.507 0.639 1.293 -2.339 -2.750 -1.514 2.313 2.492 2.969 -1.749 2.410 -2.372 -2.375 -2.875 0.886 -1.21 -2.675 1.975 0.456 2.819 1.991 2.951 0.94 2.292 -2.401 1.230 1.890 2.138 1.723 -2.536 2.117 -2.598 2.253 0.593 0.697 2.865 2.171 -3.506 1.624 1.621 -3.319 0.374 2.88 -3.491 2.674 -1.223 1.79 -1.755 -3.75 -2.313 -2.530 -3.714 -1.315 0.879 -3.209 0.937 1.957 0.900 0.526 -3.870 -3.289 -1.889 0.927 0.790 -3.657 -1.761 2.334 2.375 1.690 1.764 -2.72 1.786 -1.349 -1.494 -3.449 -2.273 1.812 0.103 1.51 1.140 -3.452 -1.734 -1.708 -3.551 -1.607 0.705 -1.218 -1.666 0.629 
-2.551 1.343 2.50 -3.423 -2.319 -1.855 -3.613 2.563 1.340 0.978 1.923 1.816 -1.641 2.886 -2.963 -1.694 0.376 -1.900 2.1 -2.883 1.464 0.661 2.621 -2.893 -2.540 -1.956 -3.601 -1.997 2.32 0.583 0.628 1.838 -2.169 -3.838 1.883 1.456 1.156 -2.116 -2.772 2.57 -1.397 -2.501 2.873 1.713 0.680 -1.514 1.659 0.491 -3.13 -1.443 -3.315 -2.344 -2.412 -1.28 -1.746 0.91 -2.743 2.398 -3.760 2.73 -2.679 -2.390 -3.196 -1.908 -2.472 1.592 1.65 0.249 2.171 1.500 -3.846 2.174 -1.161 2.109 -2.920 1.386 -2.263 -1.891 2.948 -1.745 -3.71 1.632 1.501 1.931 -3.296 0.127 1.301 -1.161 -1.225 0.997 -2.46 1.646 -2.400 0.600 1.316 2.31 -1.862 -2.929 2.550 -2.637 
-2.847 2.72 1.875 -3.504 -2.353 1.136 -3.715 -1.932 -1.52 -2.611 1.122 0.616 2.18 1.812 2.75 -3.979 2.50 -2.700 0.304 -1.722 0.399 0.869 -3.95 -2.12 -1.85 0.497 -1.570 1.525 -3.642 -3.212 1.523 -1.792 -2.108 -1.762 1.995 -3.674 -2.47 -2.171 -2.893 -2.695 0.974 1.101 1.615 -1.5 -2.187 -3.37 0.951 1.947 -3.175 2.135 0.997 1.772 2.515 -1.700 -3.841 -3.438 -1.147 -2.419 2.326 0.606 1.105 -3.306 2.968 0.984 0.269 -2.24 1.766 1.781 2.188 0.588 -2.246 0.685 -2.444 -3.925 2.576 2.573 -2.804 -2.298 -1.621 1.609 -2.10 -2.3 -1.259 1.987 -1.682 -2.916 2.657 2.107 -2.924 -1.343 -3.480 -2.995 0.887 -2.546 0.372 -1.3 -1.953 0.346 2.20 -3.530 
2.465 -1.987 -1.208 1.794 2.223 1.727 -3.973 1.460 1.910 0.562 -3.763 0.541 -1.573 -2.839 1.904 1.394 1.6 -2.638 -3.479 -1.722 -1.637 -1.51 0.674 -3.258 1.730 -3.196 0.272 0.600 1.869 2.684 -1.186 -2.231 0.936 -3.517 2.366 -1.627 -3.322 -3.540 0.49 -3.36 0.82 1.628 0.8 2.381 2.741 -3.510 -2.734 0.364 1.404 -1.61 1.13 0.727 -2.288 0.325 0.457 1.187 0.118 2.823 1.569 2.266 0.814 0.78 2.309 0.582 -3.633 1.139 -2.951 -3.604 1.262 -1.574 -1.441 -3.203 1.138 2.298 -2.522 2.286 1.936 2.508 0.303 -1.883 1.835 1.870 -2.379 1.774 1.315 2.711 0.465 2.153 1.303 2.899 0.823 -2.499 -1.517 -1.617 -1.181 -1.27 2.612 0.324 -2.515 -2.325 
2.840 1.735 -3.745 2.307 2.963 1.115 0.25 -1.865 -2.299 -1.637 -2.268 1.167 2.284 -2.876 -1.340 2.340 0.561 0.993 2.562 -2.273 2.972 -1.173 1.738 -3.380 -1.285 2.215 1.57 0.484 0.273 2.404 0.751 2.342 1.343 -1.826 1.15 -3.954 2.588 1.885 1.444 -3.957 1.24 1.127 -2.97 1.585 -1.510 -2.324 -3.554 -1.714 1.522 0.994 2.886 -1.380 0.758 -1.951 2.98 -1.112 -2.939 -1.971 0.569 -3.659 2.85 -2.808 1.208 -2.831 -1.151 2.324 2.543 -3.441 2.613 -3.721 -3.784 2.896 0.808 2.386 -2.591 0.152 0.249 0.472 2.210 2.288 -2.126 1.36 -2.95 2.972 0.994 2.96 2.475 0.932 -1.797 -1.924 -3.392 -1.17 -3.364 -1.678 -3.413 -2.62 -2.490 -2.278 -2.727 2.111 
-2.682 -1.701 -2.502 1.974 -2.144 -3.446 2.331 2.802 0.546 0.709 -3.315 1.90 -3.630 -2.201 1.419 -2.431 0.770 -3.924 -3.595 0.736 -3.230 -2.639 -1.78 -2.756 2.411 -2.704 -2.906 -1.502 1.53 -1.899 -3.702 -3.478 2.695 -1.419 -1.196 1.397 -2.453 -2.892 0.447 -2.820 2.558 1.679 -1.76 0.488 2.250 0.989 -3.182 0.228 -3.951 -2.646 -3.872 -3.360 2.27 0.256 0.80 -1.491 2.421 -1.454 -2.710 -3.812 -1.899 2.388 -2.730 1.853 -1.443 -3.126 1.434 1.656 -3.90 -1.152 -1.500 1.391 0.817 -3.746 -1.273 1.770 -2.926 -1.775 2.762 -3.652 0.104 -2.96 -1.4 0.355 -2.347 2.692 -1.23 -2.965 -3.472 2.340 0.206 2.311 1.617 -1.517 0.608 -3.775 -2.189 0.480 0.545 0.538 
-2.991 -1.561 1.638 -2.257 2.462 -1.703 -1.737 2.883 -3.532 -1.793 -1.174 -3.751 2.555 0.125 2.393 2.387 -2.554 -3.284 -3.610 2.584 -2.85 -2.949 1.461 -3.393 1.972 -1.728 -3.695 0.211 2.938 -1.75 2.970 2.151 0.288 -2.498 -2.182 1.932 0.119 2.709 0.891 2.334 2.499 -3.494 -3.347 -2.574 0.211 0.113 -1.254 -1.271 -3.896 -2.718 -1.145 0.93 2.595 -2.723 2.546 0.443 -3.632 2.433 0.82 1.818 0.881 1.478 2.854 1.880 -1.143 0.595 -1.417 -2.365 2.93 0.173 -1.363 -1.171 -3.954 0.954 2.499 1.679 -3.119 0.425 0.471 -2.723 1.905 2.920 0.68 -2.376 -1.368 0.234 -1.652 -3.133 1.221 -2.131 -3.582 1.49 -1.463 -3.541 0.963 -3.542 -2.755 0.251 -3.207 1.577 
2.467 -3.573 -2.129 0.17 -2.753 -3.533 0.955 -2.915 -3.628 -2.415 -2.740 0.62 2.896 -1.568 -3.808 -1.738 -2.314 -2.990 1.17 0.915 1.990 -3.237 1.419 2.836 -3.749 0.762 -2.907 1.816 -1.894 -1.735 -3.329 2.296 1.924 -1.870 0.915 1.282 -1.808 2.873 -1.574 1.303 -1.442 -1.44 2.599 -2.992 1.250 -1.704 1.537 0.577 0.650 -1.619 -3.632 -3.888 2.495 2.671 -3.198 0.53 -1.841 1.292 -2.29 -3.764 0.261 -1.244 2.433 1.799 -3.789 0.217 -3.921 -1.287 0.766 0.924 0.265 -1.458 -2.610 0.731 1.233 1.908 -3.880 -3.370 -2.44 0.406 -3.789 -3.32 -2.798 2.643 -3.413 -3.68 -3.697 1.551 -2.843 0.690 -1.476 -1.938 -1.794 2.201 2.832 -2.852 -1.577 -1.169 -1.329 1.892 
0.2 1.251 0.900 -1.54 0.672 1.422 2.180 -3.541 0.925 -1.314 0.912 2.216 0.842 0.748 1.326 -3.912 -1.64 -2.41 2.121 1.543 0.181 2.798 1.126 1.75 2.576 2.733 -3.362 -2.426 2.910 0.46 0.23 0.972 -3.62 2.987 1.851 -2.632 -3.92 0.557 0.636 1.76 -2.234 0.303 1.197 2.707 -3.25 -2.527 1.719 -3.188 -2.246 0.721 -3.269 -2.268 -1.257 2.44 -3.387 -2.941 2.70 0.439 0.801 -2.487 -3.611 2.841 -2.558 -2.119 0.271 2.437 -1.753 -1.438 -2.51 2.460 2.484 -3.548 -1.52 0.27 -1.766 2.838 -3.128 2.82 0.555 -2.635 -3.998 1.579 1.462 0.532 -2.161 0.597 -2.353 2.913 1.299 1.820 -1.309 2.732 -2.280 0.629 0.643 1.369 1.672 2.198 0.279 -1.286 
-3.983 0.753 2.827 -1.21 -3.276 -2.37 -3.220 -1.544 -1.44 2.311 -3.670 -2.979 1.155 -2.649 0.420 2.257 2.910 -1.579 1.815 -3.313 -3.897 0.176 2.848 -3.476 -2.666 -2.776 1.379 -1.290 0.36 2.404 -2.214 -3.300 0.146 2.536 -3.436 1.554 0.610 -2.602 -3.579 -2.466 0.572 2.801 0.668 -1.662 2.625 2.629 2.638 1.676 0.971 -1.658 0.636 -1.671 0.201 0.816 0.114 2.400 2.384 2.937 -1.781 -2.544 -2.199 0.585 2.269 -3.739 1.664 0.177 -1.647 -3.950 -3.901 -1.321 0.43 0.788 0.695 2.318 -1.381 0.12 -1.167 0.48 2.919 0.966 2.98 -3.373 -1.494 -1.811 0.286 0.874 -2.258 0.869 0.517 -2.156 -1.476 0.159 2.160 -1.80 0.383 1.383 2.233 -3.300 0.752 -2.638 
1.648 -1.254 2.260 -2.28 0.717 -1.716 -1.108 0.184 1.489 -3.65 -3.982 -2.364 -2.6 2.896 1.717 0.776 -2.191 -3.357 -1.796 2.575 0.807 0.107 1.817 -2.107 2.711 -3.638 -3.306 0.264 -1.832 2.1 1.695 -3.199 -2.354 0.592 -2.362 -3.655 2.786 -3.403 1.792 -3.748 -1.202 -2.864 0.655 -2.60 -2.254 -3.664 1.809 -1.352 2.710 1.90 -1.724 -3.16 0.804 -1.465 -3.663 1.88 -3.701 0.104 2.837 2.56 1.211 -1.10 1.815 -2.326 -1.148 0.223 2.108 0.274 -3.504 0.626 -1.592 0.310 -2.571 2.487 0.258 0.968 -1.547 1.148 1.989 0.348 2.522 0.223 2.483 -1.286 1.935 -2.897 1.823 -3.654 0.711 0.610 -3.814 -1.164 0.237 2.448 1.764 -1.360 -2.129 0.498 -1.830 -3.896 
1.663 -2.572 1.486 2.841 0.788 1.563 -1.351 -2.354 -2.892 -2.768 1.756 0.888 1.785 0.296 1.446 -3.975 -2.967 2.308 1.689 1.851 -1.108 0.373 2.274 -3.477 -1.213 2.448 -3.82 2.254 2.578 -2.442 -3.717 -2.577 -1.92 -1.974 1.721 -3.767 -2.184 -3.807 1.301 0.791 -1.726 -1.526 2.265 -3.54 1.904 -3.418 1.408 2.205 -1.587 0.782 0.637 0.450 -1.196 0.532 0.408 -3.647 1.441 -2.931 -3.593 -2.745 1.526 -3.181 1.663 2.894 2.410 2.656 -2.23 0.212 1.759 -3.699 -2.378 -2.90 2.418 -3.403 2.60 0.299 -3.490 -2.757 0.820 -3.980 1.474 2.941 1.947 -1.129 0.856 1.69 0.992 2.807 2.967 0.408 -2.724 -3.203 0.485 -3.618 -2.936 2.957 1.505 -3.483 2.555 -2.464 
1.977 -3.724 2.951 -3.833 -2.717 1.633 -1.385 -3.699 -1.249 0.361 -2.48 2.50 -2.892 1.336 0.908 2.467 1.517 -1.277 0.77 -2.388 2.640 -1.207 -1.437 2.195 -2.962 0.578 1.22 -1.252 -2.863 1.258 -2.795 -3.25 2.932 -2.779 -3.328 1.963 1.513 -1.271 0.795 2.80 -2.652 0.916 1.201 -1.539 -2.147 -3.56 -1.79 0.722 1.485 -1.381 1.431 -3.323 -3.590 2.721 1.915 1.359 0.438 -1.449 -3.114 1.627 0.847 2.730 1.258 2.643 0.532 -1.602 -1.768 0.909 -2.925 2.978 1.499 2.284 -1.723 -2.600 0.320 2.891 0.148 2.333 0.780 0.166 1.709 0.258 0.97 2.204 -3.719 0.1 1.725 -2.693 -2.880 0.621 0.324 -3.256 -2.766 -2.721 2.778 0.433 2.902 0.20 0.199 2.656 
-1.580 1.20 0.524 0.285 0.652 0.870 -3.104 2.770 1.830 2.895 -3.859 2.564 -2.870 -2.652 1.850 1.831 0.657 -2.810 1.703 1.844 1.251 2.385 -2.275 -3.209 2.137 -1.832 -1.959 0.898 -1.733 1.695 -3.430 1.223 -2.101 -1.464 0.347 -1.167 -1.263 -3.410 -2.280 -1.792 -3.591 -3.570 0.202 1.570 -3.991 -1.331 1.720 -1.416 1.354 0.295 -3.809 -2.563 1.102 1.282 0.164 1.518 2.431 2.155 -2.432 2.327 -3.848 1.918 1.404 1.604 2.194 2.167 -2.871 1.56 2.826 -1.130 1.547 1.353 -1.264 -3.799 -1.295 -3.192 -1.343 -1.625 1.452 0.993 -1.376 -2.958 -1.558 -1.854 2.112 -2.742 -2.856 -1.798 -3.692 -1.590 1.335 -3.58 -2.620 1.229 -2.979 0.417 -1.442 2.61 2.531 1.536 
2.989 -1.644 -2.70 -3.903 -2.673 0.437 0.154 -1.661 -2.799 0.996 2.751 -3.509 -1.271 -1.778 2.164 -3.855 -2.958 1.532 -3.439 -1.943 -2.353 -3.840 -1.914 1.705 -2.156 0.690 -2.865 -3.508 -2.81 1.973 1.309 -2.411 -3.599 2.318 -3.984 1.567 0.899 -3.245 1.323 -2.804 -2.222 -2.783 -1.480 -1.322 -3.84 -3.74 -1.310 2.146 -3.973 -2.971 0.611 0.455 1.493 0.486 2.257 2.423 1.528 2.112 1.128 0.428 1.544 -3.334 -1.9 1.692 2.229 2.589 0.38 -1.223 1.865 -1.913 -3.776 -3.293 -3.9 1.658 1.534 -1.674 -3.651 0.875 -2.617 0.297 0.614 -1.874 -3.651 -1.314 -2.724 2.860 -1.832 -3.695 0.154 -2.355 1.479 2.416 1.351 -2.764 -2.324 0.65 0.965 0.515 1.822 -1.855 
-3.331 -2.795 2.806 -2.115 1.229 -2.225 0.516 0.86 -3.130 -2.884 1.428 2.529 -2.449 -2.867 1.619 -1.706 1.358 0.372 -2.673 2.626 -1.158 -3.597 1.585 -3.336 1.725 -1.252 1.133 -1.129 -1.376 -1.783 2.368 -3.590 1.111 0.659 0.909 2.25 -1.109 -3.600 2.730 -3.58 1.338 -2.943 2.343 1.889 -3.64 0.681 -3.350 0.703 -2.346 2.519 1.501 1.456 -3.473 1.354 -3.76 -2.225 1.502 -3.286 0.849 1.293 1.816 -2.766 -1.713 0.141 -2.194 -3.211 1.635 -1.760 1.807 0.503 2.236 2.984 -1.843 -3.739 1.984 -1.608 2.726 -3.508 2.786 -1.132 2.967 1.969 -2.937 1.273 -3.862 -1.695 0.476 2.73 0.368 1.657 -3.266 0.173 -2.350 -2.950 -1.514 1.884 1.17 -2.144 -2.132 2.794 
1.219 1.104 -2.700 -2.402 2.728 -3.987 -1.393 -1.859 2.911 0.140 -2.809 -3.849 1.578 1.840 0.954 -2.994 2.355 -1.380 -1.8 0.248 0.576 -1.689 0.627 1.846 -1.777 1.622 -3.874 0.456 2.149 -2.518 -2.782 2.355 -2.538 2.500 1.113 2.673 -1.258 1.811 -1.969 -3.1 1.803 -1.784 -3.728 -1.375 0.279 -2.773 2.90 -2.171 -2.836 2.460 -1.139 -1.679 -2.105 -2.398 1.308 0.6 2.422 2.660 -3.253 0.168 1.72 1.861 2.119 0.286 -1.79 -3.898 2.460 1.901 0.227 -3.327 0.530 -2.911 -3.254 1.653 2.25 -3.967 -1.261 -2.644 -1.176 1.936 -3.326 2.873 -1.265 -1.887 -2.426 2.553 0.670 -2.962 0.101 -3.105 -1.148 -2.798 -3.181 -3.636 1.966 -2.878 1.151 0.884 1.524 -3.944 
-3.761 1.872 -1.411 -3.21 0.591 0.29 2.167 -2.790 -1.388 -3.129 1.352 -2.120 1.644 2.393 0.20 2.33 -1.406 -3.735 -2.666 0.636 -3.469 -1.58 0.616 -1.514 -1.709 1.43 -2.366 0.776 -3.734 -3.377 0.826 1.952 -3.546 2.42 0.610 2.632 0.540 0.326 0.423 -3.849 0.433 -2.531 2.108 1.342 1.611 -1.552 -1.952 2.357 2.146 -2.95 2.887 0.104 2.225 -1.71 -1.611 -2.33 0.939 -1.879 1.674 1.499 1.558 -2.131 -2.609 -1.184 2.669 -3.624 0.937 1.946 -3.50 -1.464 2.502 2.498 2.821 1.238 -3.730 -3.631 -1.910 0.809 2.481 2.886 -3.375 1.177 1.586 -2.356 -2.603 -2.925 -2.58 -3.267 -2.978 -1.724 2.344 -2.552 0.897 -3.117 1.759 1.155 0.334 0.662 -2.419 2.308 
-3.136 -2.378 -2.658 0.319 -1.64 -1.324 -1.518 0.914 -1.38 1.188 0.93 -1.880 -1.922 2.45 0.552 -1.583 2.337 -3.433 -3.691 1.773 2.781 1.962 -2.728 1.684 -1.830 -1.542 -1.452 1.154 -1.164 -2.251 -1.29 2.458 -1.968 0.936 -3.667 1.372 -1.428 1.758 2.563 -1.993 0.232 2.185 -1.844 1.258 -1.357 0.38 2.528 1.838 -3.145 1.154 0.411 2.107 1.811 -3.533 -3.160 0.866 -2.991 -3.686 1.32 -1.952 -1.613 2.179 -1.245 -1.461 0.279 2.4 2.581 1.846 -1.203 1.483 -3.933 -1.686 0.452 1.406 -1.540 -3.55 0.415 0.474 0.1 0.123 1.459 0.623 -3.364 0.306 2.255 -1.994 -1.707 0.971 -3.409 -2.45 2.594 0.127 -3.526 -1.438 -3.316 -2.334 -1.428 -3.110 -1.548 -2.682 
0.29 -1.584 -1.336 -3.662 0.784 1.106 -2.703 -2.48 0.543 1.402 -3.802 2.221 -2.86 1.826 1.59 2.704 1.31 1.55 1.671 0.67 -1.495 2.604 1.365 -2.720 -2.825 1.343 0.284 -3.970 1.719 -1.102 -2.872 1.237 -1.809 -3.571 -1.326 -1.892 -3.200 2.481 0.243 0.517 1.19 2.882 1.920 -2.698 1.790 -1.370 2.539 -3.178 2.206 0.548 0.913 -3.209 -2.195 -1.628 -1.73 0.651 1.738 -2.335 -3.844 2.414 -1.27 -3.36 1.461 2.157 -3.133 2.373 1.901 0.918 0.2 1.842 -3.440 -1.590 1.243 0.937 -3.977 2.627 -1.974 0.998 0.723 1.987 0.184 1.80 2.760 -3.923 1.240 -3.741 1.55 -1.773 2.596 -3.821 1.521 -3.695 -3.297 -3.27 2.227 -1.408 0.164 1.835 0.901 0.240 
1.646 0.573 -2.326 -3.780 -3.115 -1.779 -1.517 -2.140 -3.520 -1.892 1.104 1.910 0.848 -1.882 -1.267 0.214 -1.14 -2.893 1.477 -1.671 1.37 -1.636 -3.667 1.677 -2.491 -1.922 -1.313 0.505 -1.921 1.676 2.438 -2.582 -3.343 0.197 -2.346 -3.370 1.129 0.29 1.430 -1.159 -1.656 0.712 1.671 -2.568 -2.38 1.564 2.745 -3.434 0.750 -2.715 -3.716 1.703 -1.540 -1.241 2.364 2.981 2.977 -3.321 -1.279 2.171 -3.864 -3.955 -2.752 1.272 1.791 -3.575 1.131 -3.287 -1.182 0.69 -1.463 -3.68 -1.502 -3.152 -2.150 0.782 -3.165 1.987 -2.246 0.705 -1.9 -3.426 -3.185 -3.479 -3.411 0.302 -1.162 1.273 2.774 -1.328 1.73 0.954 -1.493 -1.243 0.371 0.28 -1.697 0.644 -3.515 -2.22 
1.753 -3.506 1.21 1.791 1.235 1.390 2.437 -3.321 2.180 -1.664 2.161 -2.834 -1.196 -1.135 -3.82 -2.203 -2.294 0.399 0.736 0.723 0.561 -2.590 0.72 0.406 2.845 -1.248 -3.735 2.610 -2.658 2.596 -2.68 -2.743 -3.192 -1.169 2.240 -1.346 1.185 -1.681 -3.680 -1.581 2.53 -2.923 0.626 -3.331 0.851 2.430 2.361 -2.729 -1.679 2.300 0.992 -3.920 -1.110 1.22 -1.822 0.755 -3.413 -3.201 -3.731 -2.15 1.925 1.215 -1.387 -1.747 -2.723 -1.834 -1.831 0.315 2.834 -1.216 2.387 -1.681 -2.96 0.666 0.61 -3.235 -2.80 2.177 -3.309 1.196 -1.937 -3.742 -2.416 -1.802 0.889 -1.5 -3.963 -1.598 0.104 1.578 -2.293 -2.645 0.223 0.867 -2.955 -2.250 0.31 2.724 2.330 1.777 
1.331 0.627 0.528 0.639 0.477 -1.187 1.534 1.819 -3.834 -1.982 -3.224 -2.279 -1.980 -1.694 0.683 -1.816 1.508 1.576 -2.780 -2.455 -3.916 -3.719 -2.933 2.996 1.562 0.793 2.496 1.912 -3.138 0.336 -2.256 -2.94 -3.352 -2.694 1.304 -3.246 2.238 -3.356 0.656 -1.712 -3.375 -2.3 -2.543 1.537 -1.157 1.936 -3.487 -3.538 1.233 -3.366 2.208 2.307 2.505 0.936 0.243 0.960 1.948 1.691 2.27 2.368 0.651 2.226 1.651 1.454 -3.168 -3.895 -2.568 1.529 0.146 -3.633 0.776 -1.48 0.799 2.620 -1.605 -3.150 0.530 -2.570 0.47 -2.301 -2.336 -1.511 2.366 1.804 2.149 1.322 1.937 0.249 2.852 2.585 -2.625 1.957 0.575 -2.953 2.463 -3.693 1.429 1.541 1.65 2.325 
2.849 1.309 -3.59 1.220 1.43 -3.882 2.801 2.735 1.64 -2.615 -3.201 -2.58 -3.166 -3.411 -3.136 -3.156 2.798 1.646 2.445 0.300 1.98 0.430 -2.943 0.772 -3.788 -3.661 -2.738 -1.656 1.63 -1.622 -1.302 -3.810 0.138 1.524 1.452 -3.715 -2.410 0.729 0.281 -3.179 -3.903 2.56 -2.684 -3.811 -1.955 2.647 1.342 0.899 1.688 2.512 -2.170 2.629 -2.397 -3.826 0.269 -3.89 1.535 2.803 -3.339 -1.835 2.582 2.615 -3.189 1.857 1.669 1.221 2.499 1.289 0.966 1.684 2.169 -1.538 -3.432 -3.150 2.883 -1.241 2.483 1.141 -2.766 -1.286 -3.780 2.545 -2.383 2.845 1.787 0.161 2.769 1.369 -2.908 0.688 1.872 0.140 2.457 0.145 0.364 -3.267 1.300 -3.43 -2.273 -1.434 
0.384 -1.92 -2.74 0.163 -3.28 -3.542 -2.286 -1.224 -1.778 2.303 1.617 2.171 -1.715 1.201 -2.632 0.900 2.762 -1.290 -3.977 -1.985 -3.384 2.821 -3.889 0.202 -2.135 1.323 0.956 0.762 -2.54 -3.233 -2.862 -1.296 -3.773 1.939 0.815 0.278 -2.251 0.532 -1.278 0.522 2.242 0.780 -3.262 1.201 -1.845 -2.957 -2.802 -2.610 2.529 -3.280 -3.713 -1.396 0.258 -2.720 2.725 1.336 -2.448 1.935 -3.557 -2.495 -1.616 2.542 -1.1 0.524 -3.102 0.572 -1.362 -3.703 1.66 -3.265 0.314 -2.728 -1.29 0.857 -1.129 2.220 -3.693 -1.853 -1.564 1.453 1.444 -2.760 -1.740 0.324 2.209 2.338 -1.207 -2.663 -3.666 -1.315 -3.272 -1.245 0.84 0.134 -2.155 -3.704 -1.493 1.240 -3.653 -2.543 
2.630 -1.590 1.675 -3.897 -2.385 -1.577 -3.627 0.509 1.947 1.435 2.73 2.233 -2.192 -1.785 0.864 2.681 1.441 2.417 -2.124 -1.185 2.556 -3.322 -3.25 -2.657 0.103 2.312 -1.42 -1.588 -3.122 1.700 0.355 -3.343 -1.239 2.295 -1.504 -1.354 -1.737 -2.602 2.877 -2.186 0.166 2.190 -1.112 -1.490 -2.94 -2.331 -3.710 -3.275 -3.739 2.608 0.70 -3.984 -1.574 -3.930 -1.629 -3.363 -2.503 -2.638 -2.903 0.780 -3.234 -2.289 1.112 0.87 1.168 2.728 2.641 -3.353 -2.611 0.656 -2.781 -2.553 -3.393 1.493 -1.961 0.77 -2.736 2.146 1.880 1.3 1.665 1.57 -3.558 2.878 -1.378 -2.317 0.761 0.297 2.895 -3.472 -3.685 2.793 -2.707 2.529 -2.570 1.147 -2.367 2.767 -1.277 2.460 
-3.292 -3.939 2.807 2.651 -3.511 0.933 2.585 0.619 0.335 -1.447 1.673 2.290 -1.109 -3.490 -1.236 -3.602 -2.476 1.835 2.353 1.566 1.619 0.474 -2.933 -2.106 0.106 2.617 2.14 -3.260 0.933 1.207 1.456 1.737 1.500 0.178 -2.835 1.729 -1.651 -3.252 1.934 1.73 -3.264 2.645 2.705 2.538 -2.810 -2.864 2.130 1.894 -2.645 2.48 -3.769 -3.959 2.864 -2.941 -2.861 -2.684 1.646 0.20 2.222 -3.278 -2.473 2.111 -3.151 2.737 2.311 -2.777 -2.326 -2.337 1.94 1.871 -2.32 -3.743 -3.921 -2.746 -2.338 0.165 -3.307 -2.14 -2.485 0.786 0.988 -2.943 0.694 0.539 2.431 2.806 -1.503 0.530 -2.141 1.427 0.580 0.465 -1.505 -2.746 -1.538 -1.604 1.98 2.476 2.666 -2.870 
-2.122 1.588 2.869 -3.291 2.682 -1.436 1.963 -3.687 -1.405 -3.668 2.450 -1.309 1.469 -1.58 -3.240 2.701 -1.407 -2.810 -1.512 2.230 -2.400 -3.354 0.42 0.550 2.980 -2.654 -3.181 -3.962 -1.278 1.66 0.713 2.423 2.733 1.333 2.705 -1.480 -3.409 2.942 -1.620 -1.230 -3.401 1.669 0.641 2.592 2.457 -1.896 -2.285 -1.483 2.405 -1.48 0.500 -1.659 0.187 -1.800 0.174 -3.287 0.98 -1.511 1.279 -3.668 -2.340 -2.386 -2.366 0.141 -1.802 -3.543 -1.49 -3.376 0.352 -2.549 -3.963 2.798 1.961 -2.873 -1.618 1.243 1.407 0.134 -2.620 2.772 2.329 0.24 -1.558 -3.274 1.684 0.907 -3.946 2.457 -1.914 2.645 2.84 2.646 0.288 -3.74 -3.338 2.171 -3.836 0.523 -3.590 0.158 
